2010 Federal Election Senate First Preferences By Polling Place for Division 219 [Event:15508 Phase:FinalResults Generated:2013-01-22T15:04:12 Cycle:109e02bb-5f15-4808-984f-b47255b191fb Created:2013-01-22T14:55:43 Environment:PROD Site:PARKES Server:NTR01 Version:6.0.10.10009]
StateAb,DivisionID,DivisionNm,PollingPlaceID,PollingPlaceNm,Ticket,CandidateID,BallotPosition,CandidateDetails,PartyNm,OrdinaryVotes
VIC,219,Isaacs,3956,Carrum Downs,A,22119,0,A Ticket Votes,Socialist Equality Party,5
VIC,219,Isaacs,3956,Carrum Downs,A,20946,1,"O'CONNOR, Patrick",Socialist Equality Party,1
VIC,219,Isaacs,3956,Carrum Downs,A,20951,2,"VONGVIXAY, Keo",Socialist Equality Party,0
VIC,219,Isaacs,3956,Carrum Downs,B,22126,0,B Ticket Votes,,3
VIC,219,Isaacs,3956,Carrum Downs,B,21509,1,"TOSCANO, Joseph",,0
VIC,219,Isaacs,3956,Carrum Downs,B,21512,2,"WARFE, Jenny",,1
VIC,219,Isaacs,3956,Carrum Downs,B,21514,3,"SADAUSKAS, Andrew",,0
VIC,219,Isaacs,3956,Carrum Downs,C,22129,0,C Ticket Votes,Family First,56
VIC,219,Isaacs,3956,Carrum Downs,C,21716,1,"FIELDING, Steven",Family First,1
VIC,219,Isaacs,3956,Carrum Downs,C,21728,2,"PLUMRIDGE, Gary",Family First,0
VIC,219,Isaacs,3956,Carrum Downs,C,21732,3,"BOWN SEELEY, Ann Edith",Family First,0
VIC,219,Isaacs,3956,Carrum Downs,C,21735,4,"GOH, Yuli",Family First,0
VIC,219,Isaacs,3956,Carrum Downs,C,21737,5,"KHOO, Joyce",Family First,0
VIC,219,Isaacs,3956,Carrum Downs,D,22131,0,D Ticket Votes,Australian Greens,252
VIC,219,Isaacs,3956,Carrum Downs,D,21875,1,"DI NATALE, Richard",Australian Greens,2
VIC,219,Isaacs,3956,Carrum Downs,D,21877,2,"RICE, Janet",Australian Greens,1
VIC,219,Isaacs,3956,Carrum Downs,D,21878,3,"BUI, Nam",Australian Greens,0
VIC,219,Isaacs,3956,Carrum Downs,D,21883,4,"HARGRAVE, Jen",Australian Greens,1
VIC,219,Isaacs,3956,Carrum Downs,D,21885,5,"RIVENDELL, Julie",Australian Greens,0
VIC,219,Isaacs,3956,Carrum Downs,D,21887,6,"SHNOOKAL, Liezl",Australian Greens,0
VIC,219,Isaacs,3956,Carrum Downs,E,22123,0,E Ticket Votes,Senator On-Line,2
VIC,219,Isaacs,3956,Carrum Downs,E,21434,1,"SARGENT, Glenn R",Senator On-Line,0
VIC,219,Isaacs,3956,Carrum Downs,E,21437,2,"WARDLE, Emma Louise",Senator On-Line,0
VIC,219,Isaacs,3956,Carrum Downs,F,22136,0,F Ticket Votes,Democratic Labor Party (DLP) of Australia,86
VIC,219,Isaacs,3956,Carrum Downs,F,21985,1,"MADIGAN, John",Democratic Labor Party (DLP) of Australia,0
VIC,219,Isaacs,3956,Carrum Downs,F,21987,2,"GONSALVEZ, Geraldine",Democratic Labor Party (DLP) of Australia,0
VIC,219,Isaacs,3956,Carrum Downs,F,21989,3,"KAVANAGH, John",Democratic Labor Party (DLP) of Australia,0
VIC,219,Isaacs,3956,Carrum Downs,G,22128,0,G Ticket Votes,Australian Democrats,9
VIC,219,Isaacs,3956,Carrum Downs,G,21708,1,"HOWE, Roger",Australian Democrats,0
VIC,219,Isaacs,3956,Carrum Downs,G,21711,2,"WESTGARTH, Rick",Australian Democrats,0
VIC,219,Isaacs,3956,Carrum Downs,H,22125,0,H Ticket Votes,Shooters and Fishers,24
VIC,219,Isaacs,3956,Carrum Downs,H,21443,1,"KELLY, Peter Maxwell",Shooters and Fishers,2
VIC,219,Isaacs,3956,Carrum Downs,H,21445,2,"KRSTIC, Alex",Shooters and Fishers,0
VIC,219,Isaacs,3956,Carrum Downs,I,22117,0,I Ticket Votes,Australian Sex Party,65
VIC,219,Isaacs,3956,Carrum Downs,I,20835,1,"PATTEN, Fiona",Australian Sex Party,1
VIC,219,Isaacs,3956,Carrum Downs,I,20836,2,"WILSON, Emma",Australian Sex Party,0
VIC,219,Isaacs,3956,Carrum Downs,I,20837,3,"BLAKEY, Katie",Australian Sex Party,0
VIC,219,Isaacs,3956,Carrum Downs,J,22130,0,J Ticket Votes,The Climate Sceptics,4
VIC,219,Isaacs,3956,Carrum Downs,J,21869,1,"DAWSON, Chris",The Climate Sceptics,0
VIC,219,Isaacs,3956,Carrum Downs,J,21872,2,"HOLMES, Lee",The Climate Sceptics,1
VIC,219,Isaacs,3956,Carrum Downs,K,22121,0,K Ticket Votes,Socialist Alliance,0
VIC,219,Isaacs,3956,Carrum Downs,K,21108,1,"WINDISCH, Margarita",Socialist Alliance,0
VIC,219,Isaacs,3956,Carrum Downs,K,21114,2,"FIREBRACE, Sharon",Socialist Alliance,0
VIC,219,Isaacs,3956,Carrum Downs,K,21116,3,"GUY, Ron",Socialist Alliance,0
VIC,219,Isaacs,3956,Carrum Downs,L,22116,0,L Ticket Votes,Citizens Electoral Council,1
VIC,219,Isaacs,3956,Carrum Downs,L,20771,1,"MITCHELL, Doug",Citizens Electoral Council,0
VIC,219,Isaacs,3956,Carrum Downs,L,20775,2,"ISHERWOOD, Katherine",Citizens Electoral Council,0
VIC,219,Isaacs,3956,Carrum Downs,M,22135,0,M Ticket Votes,Building Australia,3
VIC,219,Isaacs,3956,Carrum Downs,M,21982,1,"EVANS, Darren",Building Australia,0
VIC,219,Isaacs,3956,Carrum Downs,M,21983,2,"WHITE, Sam",Building Australia,0
VIC,219,Isaacs,3956,Carrum Downs,N,22127,0,N Ticket Votes,One Nation,13
VIC,219,Isaacs,3956,Carrum Downs,N,21700,1,"TOWNSEND, Rosalyn",One Nation,0
VIC,219,Isaacs,3956,Carrum Downs,N,21704,2,"TOWNSEND, Phillip",One Nation,0
VIC,219,Isaacs,3956,Carrum Downs,O,22118,0,O Ticket Votes,Liberal/The Nationals,746
VIC,219,Isaacs,3956,Carrum Downs,O,21950,1,"RONALDSON, Michael",Liberal,2
VIC,219,Isaacs,3956,Carrum Downs,O,21952,2,"McKENZIE, Bridget",The Nationals,0
VIC,219,Isaacs,3956,Carrum Downs,O,21954,3,"McGAURAN, Julian",Liberal,0
VIC,219,Isaacs,3956,Carrum Downs,O,21956,4,"JENNISON, Susan",Liberal,0
VIC,219,Isaacs,3956,Carrum Downs,P,22132,0,P Ticket Votes,Christian Democratic Party,12
VIC,219,Isaacs,3956,Carrum Downs,P,21894,1,"JANSON, Vickie",Christian Democratic Party,2
VIC,219,Isaacs,3956,Carrum Downs,P,21911,2,"EDDY-VEITZ, BEN",Christian Democratic Party,0
VIC,219,Isaacs,3956,Carrum Downs,Q,22124,0,Q Ticket Votes,Australian Labor Party,1068
VIC,219,Isaacs,3956,Carrum Downs,Q,21330,1,"CARR, Kim John",Australian Labor Party,5
VIC,219,Isaacs,3956,Carrum Downs,Q,21337,2,"CONROY, Stephen Michael",Australian Labor Party,1
VIC,219,Isaacs,3956,Carrum Downs,Q,21344,3,"THOW, Antony",Australian Labor Party,0
VIC,219,Isaacs,3956,Carrum Downs,Q,21347,4,"LEWIS, Marg",Australian Labor Party,0
VIC,219,Isaacs,3956,Carrum Downs,Q,21358,5,"FREEMAN, Shelly",Australian Labor Party,0
VIC,219,Isaacs,3956,Carrum Downs,R,22120,0,R Ticket Votes,Secular Party of Australia,1
VIC,219,Isaacs,3956,Carrum Downs,R,20874,1,"PERKINS, John Leslie",Secular Party of Australia,0
VIC,219,Isaacs,3956,Carrum Downs,R,20877,2,"SCEATS, Rosemary Elizabeth",Secular Party of Australia,0
VIC,219,Isaacs,3956,Carrum Downs,S,22134,0,S Ticket Votes,Carers Alliance,3
VIC,219,Isaacs,3956,Carrum Downs,S,21941,1,"MONTEAGLE, Christopher",Carers Alliance,0
VIC,219,Isaacs,3956,Carrum Downs,S,21942,2,"PEACOCK, Wendy",Carers Alliance,0
VIC,219,Isaacs,3956,Carrum Downs,T,22122,0,T Ticket Votes,Liberal Democrats (LDP),39
VIC,219,Isaacs,3956,Carrum Downs,T,21251,1,"CURRIE, Ross",Liberal Democrats (LDP),1
VIC,219,Isaacs,3956,Carrum Downs,T,21310,2,"KLASS, Graeme Michael",Liberal Democrats (LDP),0
VIC,219,Isaacs,3956,Carrum Downs,U,22133,0,U Ticket Votes,,2
VIC,219,Isaacs,3956,Carrum Downs,U,21913,1,"MAYNE, Stephen",,0
VIC,219,Isaacs,3956,Carrum Downs,U,21914,2,"PICCININI, Paula",,0
VIC,219,Isaacs,3956,Carrum Downs,UG,20887,1,"BEALE, Grant",Independent,1
VIC,219,Isaacs,3956,Carrum Downs,UG,21428,2,"SHEA, Glenn",Independent,0
VIC,219,Isaacs,3956,Carrum Downs,ZZ,0,99,INFORMAL,,108
VIC,219,Isaacs,3957,Chandler,A,22119,0,A Ticket Votes,Socialist Equality Party,12
VIC,219,Isaacs,3957,Chandler,A,20946,1,"O'CONNOR, Patrick",Socialist Equality Party,0
VIC,219,Isaacs,3957,Chandler,A,20951,2,"VONGVIXAY, Keo",Socialist Equality Party,0
VIC,219,Isaacs,3957,Chandler,B,22126,0,B Ticket Votes,,5
VIC,219,Isaacs,3957,Chandler,B,21509,1,"TOSCANO, Joseph",,0
VIC,219,Isaacs,3957,Chandler,B,21512,2,"WARFE, Jenny",,0
VIC,219,Isaacs,3957,Chandler,B,21514,3,"SADAUSKAS, Andrew",,0
VIC,219,Isaacs,3957,Chandler,C,22129,0,C Ticket Votes,Family First,54
VIC,219,Isaacs,3957,Chandler,C,21716,1,"FIELDING, Steven",Family First,0
VIC,219,Isaacs,3957,Chandler,C,21728,2,"PLUMRIDGE, Gary",Family First,0
VIC,219,Isaacs,3957,Chandler,C,21732,3,"BOWN SEELEY, Ann Edith",Family First,0
VIC,219,Isaacs,3957,Chandler,C,21735,4,"GOH, Yuli",Family First,0
VIC,219,Isaacs,3957,Chandler,C,21737,5,"KHOO, Joyce",Family First,0
VIC,219,Isaacs,3957,Chandler,D,22131,0,D Ticket Votes,Australian Greens,157
VIC,219,Isaacs,3957,Chandler,D,21875,1,"DI NATALE, Richard",Australian Greens,10
VIC,219,Isaacs,3957,Chandler,D,21877,2,"RICE, Janet",Australian Greens,2
VIC,219,Isaacs,3957,Chandler,D,21878,3,"BUI, Nam",Australian Greens,0
VIC,219,Isaacs,3957,Chandler,D,21883,4,"HARGRAVE, Jen",Australian Greens,0
VIC,219,Isaacs,3957,Chandler,D,21885,5,"RIVENDELL, Julie",Australian Greens,0
VIC,219,Isaacs,3957,Chandler,D,21887,6,"SHNOOKAL, Liezl",Australian Greens,0
VIC,219,Isaacs,3957,Chandler,E,22123,0,E Ticket Votes,Senator On-Line,2
VIC,219,Isaacs,3957,Chandler,E,21434,1,"SARGENT, Glenn R",Senator On-Line,1
VIC,219,Isaacs,3957,Chandler,E,21437,2,"WARDLE, Emma Louise",Senator On-Line,0
VIC,219,Isaacs,3957,Chandler,F,22136,0,F Ticket Votes,Democratic Labor Party (DLP) of Australia,104
VIC,219,Isaacs,3957,Chandler,F,21985,1,"MADIGAN, John",Democratic Labor Party (DLP) of Australia,1
VIC,219,Isaacs,3957,Chandler,F,21987,2,"GONSALVEZ, Geraldine",Democratic Labor Party (DLP) of Australia,0
VIC,219,Isaacs,3957,Chandler,F,21989,3,"KAVANAGH, John",Democratic Labor Party (DLP) of Australia,0
VIC,219,Isaacs,3957,Chandler,G,22128,0,G Ticket Votes,Australian Democrats,13
VIC,219,Isaacs,3957,Chandler,G,21708,1,"HOWE, Roger",Australian Democrats,1
VIC,219,Isaacs,3957,Chandler,G,21711,2,"WESTGARTH, Rick",Australian Democrats,0
VIC,219,Isaacs,3957,Chandler,H,22125,0,H Ticket Votes,Shooters and Fishers,20
VIC,219,Isaacs,3957,Chandler,H,21443,1,"KELLY, Peter Maxwell",Shooters and Fishers,0
VIC,219,Isaacs,3957,Chandler,H,21445,2,"KRSTIC, Alex",Shooters and Fishers,1
VIC,219,Isaacs,3957,Chandler,I,22117,0,I Ticket Votes,Australian Sex Party,34
VIC,219,Isaacs,3957,Chandler,I,20835,1,"PATTEN, Fiona",Australian Sex Party,0
VIC,219,Isaacs,3957,Chandler,I,20836,2,"WILSON, Emma",Australian Sex Party,1
VIC,219,Isaacs,3957,Chandler,I,20837,3,"BLAKEY, Katie",Australian Sex Party,0
VIC,219,Isaacs,3957,Chandler,J,22130,0,J Ticket Votes,The Climate Sceptics,3
VIC,219,Isaacs,3957,Chandler,J,21869,1,"DAWSON, Chris",The Climate Sceptics,0
VIC,219,Isaacs,3957,Chandler,J,21872,2,"HOLMES, Lee",The Climate Sceptics,0
VIC,219,Isaacs,3957,Chandler,K,22121,0,K Ticket Votes,Socialist Alliance,5
VIC,219,Isaacs,3957,Chandler,K,21108,1,"WINDISCH, Margarita",Socialist Alliance,0
VIC,219,Isaacs,3957,Chandler,K,21114,2,"FIREBRACE, Sharon",Socialist Alliance,0
VIC,219,Isaacs,3957,Chandler,K,21116,3,"GUY, Ron",Socialist Alliance,0
VIC,219,Isaacs,3957,Chandler,L,22116,0,L Ticket Votes,Citizens Electoral Council,4
VIC,219,Isaacs,3957,Chandler,L,20771,1,"MITCHELL, Doug",Citizens Electoral Council,0
VIC,219,Isaacs,3957,Chandler,L,20775,2,"ISHERWOOD, Katherine",Citizens Electoral Council,0
VIC,219,Isaacs,3957,Chandler,M,22135,0,M Ticket Votes,Building Australia,4
VIC,219,Isaacs,3957,Chandler,M,21982,1,"EVANS, Darren",Building Australia,0
VIC,219,Isaacs,3957,Chandler,M,21983,2,"WHITE, Sam",Building Australia,0
VIC,219,Isaacs,3957,Chandler,N,22127,0,N Ticket Votes,One Nation,4
VIC,219,Isaacs,3957,Chandler,N,21700,1,"TOWNSEND, Rosalyn",One Nation,0
VIC,219,Isaacs,3957,Chandler,N,21704,2,"TOWNSEND, Phillip",One Nation,0
VIC,219,Isaacs,3957,Chandler,O,22118,0,O Ticket Votes,Liberal/The Nationals,445
VIC,219,Isaacs,3957,Chandler,O,21950,1,"RONALDSON, Michael",Liberal,1
VIC,219,Isaacs,3957,Chandler,O,21952,2,"McKENZIE, Bridget",The Nationals,0
VIC,219,Isaacs,3957,Chandler,O,21954,3,"McGAURAN, Julian",Liberal,0
VIC,219,Isaacs,3957,Chandler,O,21956,4,"JENNISON, Susan",Liberal,0
VIC,219,Isaacs,3957,Chandler,P,22132,0,P Ticket Votes,Christian Democratic Party,8
VIC,219,Isaacs,3957,Chandler,P,21894,1,"JANSON, Vickie",Christian Democratic Party,0
VIC,219,Isaacs,3957,Chandler,P,21911,2,"EDDY-VEITZ, BEN",Christian Democratic Party,0
VIC,219,Isaacs,3957,Chandler,Q,22124,0,Q Ticket Votes,Australian Labor Party,1071
VIC,219,Isaacs,3957,Chandler,Q,21330,1,"CARR, Kim John",Australian Labor Party,3
VIC,219,Isaacs,3957,Chandler,Q,21337,2,"CONROY, Stephen Michael",Australian Labor Party,0
VIC,219,Isaacs,3957,Chandler,Q,21344,3,"THOW, Antony",Australian Labor Party,0
VIC,219,Isaacs,3957,Chandler,Q,21347,4,"LEWIS, Marg",Australian Labor Party,0
VIC,219,Isaacs,3957,Chandler,Q,21358,5,"FREEMAN, Shelly",Australian Labor Party,0
VIC,219,Isaacs,3957,Chandler,R,22120,0,R Ticket Votes,Secular Party of Australia,0
VIC,219,Isaacs,3957,Chandler,R,20874,1,"PERKINS, John Leslie",Secular Party of Australia,1
VIC,219,Isaacs,3957,Chandler,R,20877,2,"SCEATS, Rosemary Elizabeth",Secular Party of Australia,0
VIC,219,Isaacs,3957,Chandler,S,22134,0,S Ticket Votes,Carers Alliance,1
VIC,219,Isaacs,3957,Chandler,S,21941,1,"MONTEAGLE, Christopher",Carers Alliance,3
VIC,219,Isaacs,3957,Chandler,S,21942,2,"PEACOCK, Wendy",Carers Alliance,0
VIC,219,Isaacs,3957,Chandler,T,22122,0,T Ticket Votes,Liberal Democrats (LDP),36
VIC,219,Isaacs,3957,Chandler,T,21251,1,"CURRIE, Ross",Liberal Democrats (LDP),0
VIC,219,Isaacs,3957,Chandler,T,21310,2,"KLASS, Graeme Michael",Liberal Democrats (LDP),1
VIC,219,Isaacs,3957,Chandler,U,22133,0,U Ticket Votes,,2
VIC,219,Isaacs,3957,Chandler,U,21913,1,"MAYNE, Stephen",,0
VIC,219,Isaacs,3957,Chandler,U,21914,2,"PICCININI, Paula",,0
VIC,219,Isaacs,3957,Chandler,UG,20887,1,"BEALE, Grant",Independent,0
VIC,219,Isaacs,3957,Chandler,UG,21428,2,"SHEA, Glenn",Independent,1
VIC,219,Isaacs,3957,Chandler,ZZ,0,99,INFORMAL,,155
VIC,219,Isaacs,3964,Dandenong South,A,22119,0,A Ticket Votes,Socialist Equality Party,20
VIC,219,Isaacs,3964,Dandenong South,A,20946,1,"O'CONNOR, Patrick",Socialist Equality Party,4
VIC,219,Isaacs,3964,Dandenong South,A,20951,2,"VONGVIXAY, Keo",Socialist Equality Party,0
VIC,219,Isaacs,3964,Dandenong South,B,22126,0,B Ticket Votes,,2
VIC,219,Isaacs,3964,Dandenong South,B,21509,1,"TOSCANO, Joseph",,0
VIC,219,Isaacs,3964,Dandenong South,B,21512,2,"WARFE, Jenny",,1
VIC,219,Isaacs,3964,Dandenong South,B,21514,3,"SADAUSKAS, Andrew",,0
VIC,219,Isaacs,3964,Dandenong South,C,22129,0,C Ticket Votes,Family First,50
VIC,219,Isaacs,3964,Dandenong South,C,21716,1,"FIELDING, Steven",Family First,1
VIC,219,Isaacs,3964,Dandenong South,C,21728,2,"PLUMRIDGE, Gary",Family First,0
VIC,219,Isaacs,3964,Dandenong South,C,21732,3,"BOWN SEELEY, Ann Edith",Family First,0
VIC,219,Isaacs,3964,Dandenong South,C,21735,4,"GOH, Yuli",Family First,0
VIC,219,Isaacs,3964,Dandenong South,C,21737,5,"KHOO, Joyce",Family First,0
VIC,219,Isaacs,3964,Dandenong South,D,22131,0,D Ticket Votes,Australian Greens,95
VIC,219,Isaacs,3964,Dandenong South,D,21875,1,"DI NATALE, Richard",Australian Greens,0
VIC,219,Isaacs,3964,Dandenong South,D,21877,2,"RICE, Janet",Australian Greens,0
VIC,219,Isaacs,3964,Dandenong South,D,21878,3,"BUI, Nam",Australian Greens,0
VIC,219,Isaacs,3964,Dandenong South,D,21883,4,"HARGRAVE, Jen",Australian Greens,0
VIC,219,Isaacs,3964,Dandenong South,D,21885,5,"RIVENDELL, Julie",Australian Greens,0
VIC,219,Isaacs,3964,Dandenong South,D,21887,6,"SHNOOKAL, Liezl",Australian Greens,1
VIC,219,Isaacs,3964,Dandenong South,E,22123,0,E Ticket Votes,Senator On-Line,2
VIC,219,Isaacs,3964,Dandenong South,E,21434,1,"SARGENT, Glenn R",Senator On-Line,0
VIC,219,Isaacs,3964,Dandenong South,E,21437,2,"WARDLE, Emma Louise",Senator On-Line,0
VIC,219,Isaacs,3964,Dandenong South,F,22136,0,F Ticket Votes,Democratic Labor Party (DLP) of Australia,130
VIC,219,Isaacs,3964,Dandenong South,F,21985,1,"MADIGAN, John",Democratic Labor Party (DLP) of Australia,1
VIC,219,Isaacs,3964,Dandenong South,F,21987,2,"GONSALVEZ, Geraldine",Democratic Labor Party (DLP) of Australia,0
VIC,219,Isaacs,3964,Dandenong South,F,21989,3,"KAVANAGH, John",Democratic Labor Party (DLP) of Australia,0
VIC,219,Isaacs,3964,Dandenong South,G,22128,0,G Ticket Votes,Australian Democrats,9
VIC,219,Isaacs,3964,Dandenong South,G,21708,1,"HOWE, Roger",Australian Democrats,0
VIC,219,Isaacs,3964,Dandenong South,G,21711,2,"WESTGARTH, Rick",Australian Democrats,0
VIC,219,Isaacs,3964,Dandenong South,H,22125,0,H Ticket Votes,Shooters and Fishers,9
VIC,219,Isaacs,3964,Dandenong South,H,21443,1,"KELLY, Peter Maxwell",Shooters and Fishers,0
VIC,219,Isaacs,3964,Dandenong South,H,21445,2,"KRSTIC, Alex",Shooters and Fishers,0
VIC,219,Isaacs,3964,Dandenong South,I,22117,0,I Ticket Votes,Australian Sex Party,22
VIC,219,Isaacs,3964,Dandenong South,I,20835,1,"PATTEN, Fiona",Australian Sex Party,1
VIC,219,Isaacs,3964,Dandenong South,I,20836,2,"WILSON, Emma",Australian Sex Party,0
VIC,219,Isaacs,3964,Dandenong South,I,20837,3,"BLAKEY, Katie",Australian Sex Party,0
VIC,219,Isaacs,3964,Dandenong South,J,22130,0,J Ticket Votes,The Climate Sceptics,2
VIC,219,Isaacs,3964,Dandenong South,J,21869,1,"DAWSON, Chris",The Climate Sceptics,0
VIC,219,Isaacs,3964,Dandenong South,J,21872,2,"HOLMES, Lee",The Climate Sceptics,0
VIC,219,Isaacs,3964,Dandenong South,K,22121,0,K Ticket Votes,Socialist Alliance,2
VIC,219,Isaacs,3964,Dandenong South,K,21108,1,"WINDISCH, Margarita",Socialist Alliance,0
VIC,219,Isaacs,3964,Dandenong South,K,21114,2,"FIREBRACE, Sharon",Socialist Alliance,0
VIC,219,Isaacs,3964,Dandenong South,K,21116,3,"GUY, Ron",Socialist Alliance,0
VIC,219,Isaacs,3964,Dandenong South,L,22116,0,L Ticket Votes,Citizens Electoral Council,2
VIC,219,Isaacs,3964,Dandenong South,L,20771,1,"MITCHELL, Doug",Citizens Electoral Council,0
VIC,219,Isaacs,3964,Dandenong South,L,20775,2,"ISHERWOOD, Katherine",Citizens Electoral Council,0
VIC,219,Isaacs,3964,Dandenong South,M,22135,0,M Ticket Votes,Building Australia,11
VIC,219,Isaacs,3964,Dandenong South,M,21982,1,"EVANS, Darren",Building Australia,0
VIC,219,Isaacs,3964,Dandenong South,M,21983,2,"WHITE, Sam",Building Australia,0
VIC,219,Isaacs,3964,Dandenong South,N,22127,0,N Ticket Votes,One Nation,5
VIC,219,Isaacs,3964,Dandenong South,N,21700,1,"TOWNSEND, Rosalyn",One Nation,0
VIC,219,Isaacs,3964,Dandenong South,N,21704,2,"TOWNSEND, Phillip",One Nation,0
VIC,219,Isaacs,3964,Dandenong South,O,22118,0,O Ticket Votes,Liberal/The Nationals,183
VIC,219,Isaacs,3964,Dandenong South,O,21950,1,"RONALDSON, Michael",Liberal,2
VIC,219,Isaacs,3964,Dandenong South,O,21952,2,"McKENZIE, Bridget",The Nationals,0
VIC,219,Isaacs,3964,Dandenong South,O,21954,3,"McGAURAN, Julian",Liberal,0
VIC,219,Isaacs,3964,Dandenong South,O,21956,4,"JENNISON, Susan",Liberal,0
VIC,219,Isaacs,3964,Dandenong South,P,22132,0,P Ticket Votes,Christian Democratic Party,6
VIC,219,Isaacs,3964,Dandenong South,P,21894,1,"JANSON, Vickie",Christian Democratic Party,0
VIC,219,Isaacs,3964,Dandenong South,P,21911,2,"EDDY-VEITZ, BEN",Christian Democratic Party,0
VIC,219,Isaacs,3964,Dandenong South,Q,22124,0,Q Ticket Votes,Australian Labor Party,904
VIC,219,Isaacs,3964,Dandenong South,Q,21330,1,"CARR, Kim John",Australian Labor Party,6
VIC,219,Isaacs,3964,Dandenong South,Q,21337,2,"CONROY, Stephen Michael",Australian Labor Party,0
VIC,219,Isaacs,3964,Dandenong South,Q,21344,3,"THOW, Antony",Australian Labor Party,0
VIC,219,Isaacs,3964,Dandenong South,Q,21347,4,"LEWIS, Marg",Australian Labor Party,0
VIC,219,Isaacs,3964,Dandenong South,Q,21358,5,"FREEMAN, Shelly",Australian Labor Party,0
VIC,219,Isaacs,3964,Dandenong South,R,22120,0,R Ticket Votes,Secular Party of Australia,3
VIC,219,Isaacs,3964,Dandenong South,R,20874,1,"PERKINS, John Leslie",Secular Party of Australia,0
VIC,219,Isaacs,3964,Dandenong South,R,20877,2,"SCEATS, Rosemary Elizabeth",Secular Party of Australia,0
VIC,219,Isaacs,3964,Dandenong South,S,22134,0,S Ticket Votes,Carers Alliance,2
VIC,219,Isaacs,3964,Dandenong South,S,21941,1,"MONTEAGLE, Christopher",Carers Alliance,0
VIC,219,Isaacs,3964,Dandenong South,S,21942,2,"PEACOCK, Wendy",Carers Alliance,0
VIC,219,Isaacs,3964,Dandenong South,T,22122,0,T Ticket Votes,Liberal Democrats (LDP),46
VIC,219,Isaacs,3964,Dandenong South,T,21251,1,"CURRIE, Ross",Liberal Democrats (LDP),0
VIC,219,Isaacs,3964,Dandenong South,T,21310,2,"KLASS, Graeme Michael",Liberal Democrats (LDP),0
VIC,219,Isaacs,3964,Dandenong South,U,22133,0,U Ticket Votes,,0
VIC,219,Isaacs,3964,Dandenong South,U,21913,1,"MAYNE, Stephen",,0
VIC,219,Isaacs,3964,Dandenong South,U,21914,2,"PICCININI, Paula",,0
VIC,219,Isaacs,3964,Dandenong South,UG,20887,1,"BEALE, Grant",Independent,0
VIC,219,Isaacs,3964,Dandenong South,UG,21428,2,"SHEA, Glenn",Independent,0
VIC,219,Isaacs,3964,Dandenong South,ZZ,0,99,INFORMAL,,231
VIC,219,Isaacs,3968,Keysborough,A,22119,0,A Ticket Votes,Socialist Equality Party,11
VIC,219,Isaacs,3968,Keysborough,A,20946,1,"O'CONNOR, Patrick",Socialist Equality Party,0
VIC,219,Isaacs,3968,Keysborough,A,20951,2,"VONGVIXAY, Keo",Socialist Equality Party,0
VIC,219,Isaacs,3968,Keysborough,B,22126,0,B Ticket Votes,,2
VIC,219,Isaacs,3968,Keysborough,B,21509,1,"TOSCANO, Joseph",,0
VIC,219,Isaacs,3968,Keysborough,B,21512,2,"WARFE, Jenny",,0
VIC,219,Isaacs,3968,Keysborough,B,21514,3,"SADAUSKAS, Andrew",,0
VIC,219,Isaacs,3968,Keysborough,C,22129,0,C Ticket Votes,Family First,46
VIC,219,Isaacs,3968,Keysborough,C,21716,1,"FIELDING, Steven",Family First,2
VIC,219,Isaacs,3968,Keysborough,C,21728,2,"PLUMRIDGE, Gary",Family First,0
VIC,219,Isaacs,3968,Keysborough,C,21732,3,"BOWN SEELEY, Ann Edith",Family First,0
VIC,219,Isaacs,3968,Keysborough,C,21735,4,"GOH, Yuli",Family First,0
VIC,219,Isaacs,3968,Keysborough,C,21737,5,"KHOO, Joyce",Family First,0
VIC,219,Isaacs,3968,Keysborough,D,22131,0,D Ticket Votes,Australian Greens,191
VIC,219,Isaacs,3968,Keysborough,D,21875,1,"DI NATALE, Richard",Australian Greens,6
VIC,219,Isaacs,3968,Keysborough,D,21877,2,"RICE, Janet",Australian Greens,0
VIC,219,Isaacs,3968,Keysborough,D,21878,3,"BUI, Nam",Australian Greens,0
VIC,219,Isaacs,3968,Keysborough,D,21883,4,"HARGRAVE, Jen",Australian Greens,0
VIC,219,Isaacs,3968,Keysborough,D,21885,5,"RIVENDELL, Julie",Australian Greens,0
VIC,219,Isaacs,3968,Keysborough,D,21887,6,"SHNOOKAL, Liezl",Australian Greens,0
VIC,219,Isaacs,3968,Keysborough,E,22123,0,E Ticket Votes,Senator On-Line,0
VIC,219,Isaacs,3968,Keysborough,E,21434,1,"SARGENT, Glenn R",Senator On-Line,0
VIC,219,Isaacs,3968,Keysborough,E,21437,2,"WARDLE, Emma Louise",Senator On-Line,0
VIC,219,Isaacs,3968,Keysborough,F,22136,0,F Ticket Votes,Democratic Labor Party (DLP) of Australia,77
VIC,219,Isaacs,3968,Keysborough,F,21985,1,"MADIGAN, John",Democratic Labor Party (DLP) of Australia,0
VIC,219,Isaacs,3968,Keysborough,F,21987,2,"GONSALVEZ, Geraldine",Democratic Labor Party (DLP) of Australia,0
VIC,219,Isaacs,3968,Keysborough,F,21989,3,"KAVANAGH, John",Democratic Labor Party (DLP) of Australia,0
VIC,219,Isaacs,3968,Keysborough,G,22128,0,G Ticket Votes,Australian Democrats,12
VIC,219,Isaacs,3968,Keysborough,G,21708,1,"HOWE, Roger",Australian Democrats,1
VIC,219,Isaacs,3968,Keysborough,G,21711,2,"WESTGARTH, Rick",Australian Democrats,0
VIC,219,Isaacs,3968,Keysborough,H,22125,0,H Ticket Votes,Shooters and Fishers,11
VIC,219,Isaacs,3968,Keysborough,H,21443,1,"KELLY, Peter Maxwell",Shooters and Fishers,1
VIC,219,Isaacs,3968,Keysborough,H,21445,2,"KRSTIC, Alex",Shooters and Fishers,0
VIC,219,Isaacs,3968,Keysborough,I,22117,0,I Ticket Votes,Australian Sex Party,40
VIC,219,Isaacs,3968,Keysborough,I,20835,1,"PATTEN, Fiona",Australian Sex Party,1
VIC,219,Isaacs,3968,Keysborough,I,20836,2,"WILSON, Emma",Australian Sex Party,1
VIC,219,Isaacs,3968,Keysborough,I,20837,3,"BLAKEY, Katie",Australian Sex Party,0
VIC,219,Isaacs,3968,Keysborough,J,22130,0,J Ticket Votes,The Climate Sceptics,2
VIC,219,Isaacs,3968,Keysborough,J,21869,1,"DAWSON, Chris",The Climate Sceptics,0
VIC,219,Isaacs,3968,Keysborough,J,21872,2,"HOLMES, Lee",The Climate Sceptics,0
VIC,219,Isaacs,3968,Keysborough,K,22121,0,K Ticket Votes,Socialist Alliance,0
VIC,219,Isaacs,3968,Keysborough,K,21108,1,"WINDISCH, Margarita",Socialist Alliance,1
VIC,219,Isaacs,3968,Keysborough,K,21114,2,"FIREBRACE, Sharon",Socialist Alliance,0
VIC,219,Isaacs,3968,Keysborough,K,21116,3,"GUY, Ron",Socialist Alliance,0
VIC,219,Isaacs,3968,Keysborough,L,22116,0,L Ticket Votes,Citizens Electoral Council,2
VIC,219,Isaacs,3968,Keysborough,L,20771,1,"MITCHELL, Doug",Citizens Electoral Council,0
VIC,219,Isaacs,3968,Keysborough,L,20775,2,"ISHERWOOD, Katherine",Citizens Electoral Council,0
VIC,219,Isaacs,3968,Keysborough,M,22135,0,M Ticket Votes,Building Australia,3
VIC,219,Isaacs,3968,Keysborough,M,21982,1,"EVANS, Darren",Building Australia,0
VIC,219,Isaacs,3968,Keysborough,M,21983,2,"WHITE, Sam",Building Australia,0
VIC,219,Isaacs,3968,Keysborough,N,22127,0,N Ticket Votes,One Nation,6
VIC,219,Isaacs,3968,Keysborough,N,21700,1,"TOWNSEND, Rosalyn",One Nation,0
VIC,219,Isaacs,3968,Keysborough,N,21704,2,"TOWNSEND, Phillip",One Nation,0
VIC,219,Isaacs,3968,Keysborough,O,22118,0,O Ticket Votes,Liberal/The Nationals,633
VIC,219,Isaacs,3968,Keysborough,O,21950,1,"RONALDSON, Michael",Liberal,3
VIC,219,Isaacs,3968,Keysborough,O,21952,2,"McKENZIE, Bridget",The Nationals,0
VIC,219,Isaacs,3968,Keysborough,O,21954,3,"McGAURAN, Julian",Liberal,0
VIC,219,Isaacs,3968,Keysborough,O,21956,4,"JENNISON, Susan",Liberal,1
VIC,219,Isaacs,3968,Keysborough,P,22132,0,P Ticket Votes,Christian Democratic Party,7
VIC,219,Isaacs,3968,Keysborough,P,21894,1,"JANSON, Vickie",Christian Democratic Party,0
VIC,219,Isaacs,3968,Keysborough,P,21911,2,"EDDY-VEITZ, BEN",Christian Democratic Party,0
VIC,219,Isaacs,3968,Keysborough,Q,22124,0,Q Ticket Votes,Australian Labor Party,1155
VIC,219,Isaacs,3968,Keysborough,Q,21330,1,"CARR, Kim John",Australian Labor Party,8
VIC,219,Isaacs,3968,Keysborough,Q,21337,2,"CONROY, Stephen Michael",Australian Labor Party,0
VIC,219,Isaacs,3968,Keysborough,Q,21344,3,"THOW, Antony",Australian Labor Party,0
VIC,219,Isaacs,3968,Keysborough,Q,21347,4,"LEWIS, Marg",Australian Labor Party,0
VIC,219,Isaacs,3968,Keysborough,Q,21358,5,"FREEMAN, Shelly",Australian Labor Party,1
VIC,219,Isaacs,3968,Keysborough,R,22120,0,R Ticket Votes,Secular Party of Australia,1
VIC,219,Isaacs,3968,Keysborough,R,20874,1,"PERKINS, John Leslie",Secular Party of Australia,0
VIC,219,Isaacs,3968,Keysborough,R,20877,2,"SCEATS, Rosemary Elizabeth",Secular Party of Australia,0
VIC,219,Isaacs,3968,Keysborough,S,22134,0,S Ticket Votes,Carers Alliance,0
VIC,219,Isaacs,3968,Keysborough,S,21941,1,"MONTEAGLE, Christopher",Carers Alliance,0
VIC,219,Isaacs,3968,Keysborough,S,21942,2,"PEACOCK, Wendy",Carers Alliance,0
VIC,219,Isaacs,3968,Keysborough,T,22122,0,T Ticket Votes,Liberal Democrats (LDP),57
VIC,219,Isaacs,3968,Keysborough,T,21251,1,"CURRIE, Ross",Liberal Democrats (LDP),0
VIC,219,Isaacs,3968,Keysborough,T,21310,2,"KLASS, Graeme Michael",Liberal Democrats (LDP),0
VIC,219,Isaacs,3968,Keysborough,U,22133,0,U Ticket Votes,,2
VIC,219,Isaacs,3968,Keysborough,U,21913,1,"MAYNE, Stephen",,0
VIC,219,Isaacs,3968,Keysborough,U,21914,2,"PICCININI, Paula",,0
VIC,219,Isaacs,3968,Keysborough,UG,20887,1,"BEALE, Grant",Independent,0
VIC,219,Isaacs,3968,Keysborough,UG,21428,2,"SHEA, Glenn",Independent,0
VIC,219,Isaacs,3968,Keysborough,ZZ,0,99,INFORMAL,,114
VIC,219,Isaacs,3972,Maralinga,A,22119,0,A Ticket Votes,Socialist Equality Party,8
VIC,219,Isaacs,3972,Maralinga,A,20946,1,"O'CONNOR, Patrick",Socialist Equality Party,1
VIC,219,Isaacs,3972,Maralinga,A,20951,2,"VONGVIXAY, Keo",Socialist Equality Party,0
VIC,219,Isaacs,3972,Maralinga,B,22126,0,B Ticket Votes,,2
VIC,219,Isaacs,3972,Maralinga,B,21509,1,"TOSCANO, Joseph",,0
VIC,219,Isaacs,3972,Maralinga,B,21512,2,"WARFE, Jenny",,0
VIC,219,Isaacs,3972,Maralinga,B,21514,3,"SADAUSKAS, Andrew",,0
VIC,219,Isaacs,3972,Maralinga,C,22129,0,C Ticket Votes,Family First,60
VIC,219,Isaacs,3972,Maralinga,C,21716,1,"FIELDING, Steven",Family First,1
VIC,219,Isaacs,3972,Maralinga,C,21728,2,"PLUMRIDGE, Gary",Family First,0
VIC,219,Isaacs,3972,Maralinga,C,21732,3,"BOWN SEELEY, Ann Edith",Family First,0
VIC,219,Isaacs,3972,Maralinga,C,21735,4,"GOH, Yuli",Family First,0
VIC,219,Isaacs,3972,Maralinga,C,21737,5,"KHOO, Joyce",Family First,0
VIC,219,Isaacs,3972,Maralinga,D,22131,0,D Ticket Votes,Australian Greens,176
VIC,219,Isaacs,3972,Maralinga,D,21875,1,"DI NATALE, Richard",Australian Greens,2
VIC,219,Isaacs,3972,Maralinga,D,21877,2,"RICE, Janet",Australian Greens,0
VIC,219,Isaacs,3972,Maralinga,D,21878,3,"BUI, Nam",Australian Greens,0
VIC,219,Isaacs,3972,Maralinga,D,21883,4,"HARGRAVE, Jen",Australian Greens,1
VIC,219,Isaacs,3972,Maralinga,D,21885,5,"RIVENDELL, Julie",Australian Greens,1
VIC,219,Isaacs,3972,Maralinga,D,21887,6,"SHNOOKAL, Liezl",Australian Greens,1
VIC,219,Isaacs,3972,Maralinga,E,22123,0,E Ticket Votes,Senator On-Line,1
VIC,219,Isaacs,3972,Maralinga,E,21434,1,"SARGENT, Glenn R",Senator On-Line,0
VIC,219,Isaacs,3972,Maralinga,E,21437,2,"WARDLE, Emma Louise",Senator On-Line,0
VIC,219,Isaacs,3972,Maralinga,F,22136,0,F Ticket Votes,Democratic Labor Party (DLP) of Australia,72
VIC,219,Isaacs,3972,Maralinga,F,21985,1,"MADIGAN, John",Democratic Labor Party (DLP) of Australia,1
VIC,219,Isaacs,3972,Maralinga,F,21987,2,"GONSALVEZ, Geraldine",Democratic Labor Party (DLP) of Australia,0
VIC,219,Isaacs,3972,Maralinga,F,21989,3,"KAVANAGH, John",Democratic Labor Party (DLP) of Australia,0
VIC,219,Isaacs,3972,Maralinga,G,22128,0,G Ticket Votes,Australian Democrats,10
VIC,219,Isaacs,3972,Maralinga,G,21708,1,"HOWE, Roger",Australian Democrats,0
VIC,219,Isaacs,3972,Maralinga,G,21711,2,"WESTGARTH, Rick",Australian Democrats,0
VIC,219,Isaacs,3972,Maralinga,H,22125,0,H Ticket Votes,Shooters and Fishers,10
VIC,219,Isaacs,3972,Maralinga,H,21443,1,"KELLY, Peter Maxwell",Shooters and Fishers,1
VIC,219,Isaacs,3972,Maralinga,H,21445,2,"KRSTIC, Alex",Shooters and Fishers,0
VIC,219,Isaacs,3972,Maralinga,I,22117,0,I Ticket Votes,Australian Sex Party,33
VIC,219,Isaacs,3972,Maralinga,I,20835,1,"PATTEN, Fiona",Australian Sex Party,1
VIC,219,Isaacs,3972,Maralinga,I,20836,2,"WILSON, Emma",Australian Sex Party,0
VIC,219,Isaacs,3972,Maralinga,I,20837,3,"BLAKEY, Katie",Australian Sex Party,0
VIC,219,Isaacs,3972,Maralinga,J,22130,0,J Ticket Votes,The Climate Sceptics,3
VIC,219,Isaacs,3972,Maralinga,J,21869,1,"DAWSON, Chris",The Climate Sceptics,0
VIC,219,Isaacs,3972,Maralinga,J,21872,2,"HOLMES, Lee",The Climate Sceptics,0
VIC,219,Isaacs,3972,Maralinga,K,22121,0,K Ticket Votes,Socialist Alliance,0
VIC,219,Isaacs,3972,Maralinga,K,21108,1,"WINDISCH, Margarita",Socialist Alliance,0
VIC,219,Isaacs,3972,Maralinga,K,21114,2,"FIREBRACE, Sharon",Socialist Alliance,0
VIC,219,Isaacs,3972,Maralinga,K,21116,3,"GUY, Ron",Socialist Alliance,0
VIC,219,Isaacs,3972,Maralinga,L,22116,0,L Ticket Votes,Citizens Electoral Council,2
VIC,219,Isaacs,3972,Maralinga,L,20771,1,"MITCHELL, Doug",Citizens Electoral Council,0
VIC,219,Isaacs,3972,Maralinga,L,20775,2,"ISHERWOOD, Katherine",Citizens Electoral Council,0
VIC,219,Isaacs,3972,Maralinga,M,22135,0,M Ticket Votes,Building Australia,1
VIC,219,Isaacs,3972,Maralinga,M,21982,1,"EVANS, Darren",Building Australia,0
VIC,219,Isaacs,3972,Maralinga,M,21983,2,"WHITE, Sam",Building Australia,0
VIC,219,Isaacs,3972,Maralinga,N,22127,0,N Ticket Votes,One Nation,3
VIC,219,Isaacs,3972,Maralinga,N,21700,1,"TOWNSEND, Rosalyn",One Nation,0
VIC,219,Isaacs,3972,Maralinga,N,21704,2,"TOWNSEND, Phillip",One Nation,0
VIC,219,Isaacs,3972,Maralinga,O,22118,0,O Ticket Votes,Liberal/The Nationals,339
VIC,219,Isaacs,3972,Maralinga,O,21950,1,"RONALDSON, Michael",Liberal,1
VIC,219,Isaacs,3972,Maralinga,O,21952,2,"McKENZIE, Bridget",The Nationals,0
VIC,219,Isaacs,3972,Maralinga,O,21954,3,"McGAURAN, Julian",Liberal,1
VIC,219,Isaacs,3972,Maralinga,O,21956,4,"JENNISON, Susan",Liberal,0
VIC,219,Isaacs,3972,Maralinga,P,22132,0,P Ticket Votes,Christian Democratic Party,4
VIC,219,Isaacs,3972,Maralinga,P,21894,1,"JANSON, Vickie",Christian Democratic Party,1
VIC,219,Isaacs,3972,Maralinga,P,21911,2,"EDDY-VEITZ, BEN",Christian Democratic Party,0
VIC,219,Isaacs,3972,Maralinga,Q,22124,0,Q Ticket Votes,Australian Labor Party,827
VIC,219,Isaacs,3972,Maralinga,Q,21330,1,"CARR, Kim John",Australian Labor Party,4
VIC,219,Isaacs,3972,Maralinga,Q,21337,2,"CONROY, Stephen Michael",Australian Labor Party,0
VIC,219,Isaacs,3972,Maralinga,Q,21344,3,"THOW, Antony",Australian Labor Party,0
VIC,219,Isaacs,3972,Maralinga,Q,21347,4,"LEWIS, Marg",Australian Labor Party,0
VIC,219,Isaacs,3972,Maralinga,Q,21358,5,"FREEMAN, Shelly",Australian Labor Party,1
VIC,219,Isaacs,3972,Maralinga,R,22120,0,R Ticket Votes,Secular Party of Australia,1
VIC,219,Isaacs,3972,Maralinga,R,20874,1,"PERKINS, John Leslie",Secular Party of Australia,1
VIC,219,Isaacs,3972,Maralinga,R,20877,2,"SCEATS, Rosemary Elizabeth",Secular Party of Australia,0
VIC,219,Isaacs,3972,Maralinga,S,22134,0,S Ticket Votes,Carers Alliance,1
VIC,219,Isaacs,3972,Maralinga,S,21941,1,"MONTEAGLE, Christopher",Carers Alliance,0
VIC,219,Isaacs,3972,Maralinga,S,21942,2,"PEACOCK, Wendy",Carers Alliance,0
VIC,219,Isaacs,3972,Maralinga,T,22122,0,T Ticket Votes,Liberal Democrats (LDP),52
VIC,219,Isaacs,3972,Maralinga,T,21251,1,"CURRIE, Ross",Liberal Democrats (LDP),1
VIC,219,Isaacs,3972,Maralinga,T,21310,2,"KLASS, Graeme Michael",Liberal Democrats (LDP),0
VIC,219,Isaacs,3972,Maralinga,U,22133,0,U Ticket Votes,,3
VIC,219,Isaacs,3972,Maralinga,U,21913,1,"MAYNE, Stephen",,0
VIC,219,Isaacs,3972,Maralinga,U,21914,2,"PICCININI, Paula",,0
VIC,219,Isaacs,3972,Maralinga,UG,20887,1,"BEALE, Grant",Independent,0
VIC,219,Isaacs,3972,Maralinga,UG,21428,2,"SHEA, Glenn",Independent,0
VIC,219,Isaacs,3972,Maralinga,ZZ,0,99,INFORMAL,,150
VIC,219,Isaacs,3974,Noble Park,A,22119,0,A Ticket Votes,Socialist Equality Party,6
VIC,219,Isaacs,3974,Noble Park,A,20946,1,"O'CONNOR, Patrick",Socialist Equality Party,1
VIC,219,Isaacs,3974,Noble Park,A,20951,2,"VONGVIXAY, Keo",Socialist Equality Party,0
VIC,219,Isaacs,3974,Noble Park,B,22126,0,B Ticket Votes,,2
VIC,219,Isaacs,3974,Noble Park,B,21509,1,"TOSCANO, Joseph",,0
VIC,219,Isaacs,3974,Noble Park,B,21512,2,"WARFE, Jenny",,0
VIC,219,Isaacs,3974,Noble Park,B,21514,3,"SADAUSKAS, Andrew",,0
VIC,219,Isaacs,3974,Noble Park,C,22129,0,C Ticket Votes,Family First,50
VIC,219,Isaacs,3974,Noble Park,C,21716,1,"FIELDING, Steven",Family First,2
VIC,219,Isaacs,3974,Noble Park,C,21728,2,"PLUMRIDGE, Gary",Family First,0
VIC,219,Isaacs,3974,Noble Park,C,21732,3,"BOWN SEELEY, Ann Edith",Family First,0
VIC,219,Isaacs,3974,Noble Park,C,21735,4,"GOH, Yuli",Family First,0
VIC,219,Isaacs,3974,Noble Park,C,21737,5,"KHOO, Joyce",Family First,1
VIC,219,Isaacs,3974,Noble Park,D,22131,0,D Ticket Votes,Australian Greens,169
VIC,219,Isaacs,3974,Noble Park,D,21875,1,"DI NATALE, Richard",Australian Greens,13
VIC,219,Isaacs,3974,Noble Park,D,21877,2,"RICE, Janet",Australian Greens,2
VIC,219,Isaacs,3974,Noble Park,D,21878,3,"BUI, Nam",Australian Greens,0
VIC,219,Isaacs,3974,Noble Park,D,21883,4,"HARGRAVE, Jen",Australian Greens,1
VIC,219,Isaacs,3974,Noble Park,D,21885,5,"RIVENDELL, Julie",Australian Greens,0
VIC,219,Isaacs,3974,Noble Park,D,21887,6,"SHNOOKAL, Liezl",Australian Greens,0
VIC,219,Isaacs,3974,Noble Park,E,22123,0,E Ticket Votes,Senator On-Line,2
VIC,219,Isaacs,3974,Noble Park,E,21434,1,"SARGENT, Glenn R",Senator On-Line,0
VIC,219,Isaacs,3974,Noble Park,E,21437,2,"WARDLE, Emma Louise",Senator On-Line,0
VIC,219,Isaacs,3974,Noble Park,F,22136,0,F Ticket Votes,Democratic Labor Party (DLP) of Australia,115
VIC,219,Isaacs,3974,Noble Park,F,21985,1,"MADIGAN, John",Democratic Labor Party (DLP) of Australia,3
VIC,219,Isaacs,3974,Noble Park,F,21987,2,"GONSALVEZ, Geraldine",Democratic Labor Party (DLP) of Australia,0
VIC,219,Isaacs,3974,Noble Park,F,21989,3,"KAVANAGH, John",Democratic Labor Party (DLP) of Australia,0
VIC,219,Isaacs,3974,Noble Park,G,22128,0,G Ticket Votes,Australian Democrats,12
VIC,219,Isaacs,3974,Noble Park,G,21708,1,"HOWE, Roger",Australian Democrats,0
VIC,219,Isaacs,3974,Noble Park,G,21711,2,"WESTGARTH, Rick",Australian Democrats,0
VIC,219,Isaacs,3974,Noble Park,H,22125,0,H Ticket Votes,Shooters and Fishers,8
VIC,219,Isaacs,3974,Noble Park,H,21443,1,"KELLY, Peter Maxwell",Shooters and Fishers,0
VIC,219,Isaacs,3974,Noble Park,H,21445,2,"KRSTIC, Alex",Shooters and Fishers,0
VIC,219,Isaacs,3974,Noble Park,I,22117,0,I Ticket Votes,Australian Sex Party,30
VIC,219,Isaacs,3974,Noble Park,I,20835,1,"PATTEN, Fiona",Australian Sex Party,2
VIC,219,Isaacs,3974,Noble Park,I,20836,2,"WILSON, Emma",Australian Sex Party,0
VIC,219,Isaacs,3974,Noble Park,I,20837,3,"BLAKEY, Katie",Australian Sex Party,0
VIC,219,Isaacs,3974,Noble Park,J,22130,0,J Ticket Votes,The Climate Sceptics,5
VIC,219,Isaacs,3974,Noble Park,J,21869,1,"DAWSON, Chris",The Climate Sceptics,0
VIC,219,Isaacs,3974,Noble Park,J,21872,2,"HOLMES, Lee",The Climate Sceptics,0
VIC,219,Isaacs,3974,Noble Park,K,22121,0,K Ticket Votes,Socialist Alliance,1
VIC,219,Isaacs,3974,Noble Park,K,21108,1,"WINDISCH, Margarita",Socialist Alliance,0
VIC,219,Isaacs,3974,Noble Park,K,21114,2,"FIREBRACE, Sharon",Socialist Alliance,0
VIC,219,Isaacs,3974,Noble Park,K,21116,3,"GUY, Ron",Socialist Alliance,0
VIC,219,Isaacs,3974,Noble Park,L,22116,0,L Ticket Votes,Citizens Electoral Council,3
VIC,219,Isaacs,3974,Noble Park,L,20771,1,"MITCHELL, Doug",Citizens Electoral Council,0
VIC,219,Isaacs,3974,Noble Park,L,20775,2,"ISHERWOOD, Katherine",Citizens Electoral Council,0
VIC,219,Isaacs,3974,Noble Park,M,22135,0,M Ticket Votes,Building Australia,1
VIC,219,Isaacs,3974,Noble Park,M,21982,1,"EVANS, Darren",Building Australia,0
VIC,219,Isaacs,3974,Noble Park,M,21983,2,"WHITE, Sam",Building Australia,0
VIC,219,Isaacs,3974,Noble Park,N,22127,0,N Ticket Votes,One Nation,5
VIC,219,Isaacs,3974,Noble Park,N,21700,1,"TOWNSEND, Rosalyn",One Nation,0
VIC,219,Isaacs,3974,Noble Park,N,21704,2,"TOWNSEND, Phillip",One Nation,0
VIC,219,Isaacs,3974,Noble Park,O,22118,0,O Ticket Votes,Liberal/The Nationals,290
VIC,219,Isaacs,3974,Noble Park,O,21950,1,"RONALDSON, Michael",Liberal,2
VIC,219,Isaacs,3974,Noble Park,O,21952,2,"McKENZIE, Bridget",The Nationals,0
VIC,219,Isaacs,3974,Noble Park,O,21954,3,"McGAURAN, Julian",Liberal,0
VIC,219,Isaacs,3974,Noble Park,O,21956,4,"JENNISON, Susan",Liberal,0
VIC,219,Isaacs,3974,Noble Park,P,22132,0,P Ticket Votes,Christian Democratic Party,24
VIC,219,Isaacs,3974,Noble Park,P,21894,1,"JANSON, Vickie",Christian Democratic Party,0
VIC,219,Isaacs,3974,Noble Park,P,21911,2,"EDDY-VEITZ, BEN",Christian Democratic Party,0
VIC,219,Isaacs,3974,Noble Park,Q,22124,0,Q Ticket Votes,Australian Labor Party,759
VIC,219,Isaacs,3974,Noble Park,Q,21330,1,"CARR, Kim John",Australian Labor Party,5
VIC,219,Isaacs,3974,Noble Park,Q,21337,2,"CONROY, Stephen Michael",Australian Labor Party,1
VIC,219,Isaacs,3974,Noble Park,Q,21344,3,"THOW, Antony",Australian Labor Party,0
VIC,219,Isaacs,3974,Noble Park,Q,21347,4,"LEWIS, Marg",Australian Labor Party,1
VIC,219,Isaacs,3974,Noble Park,Q,21358,5,"FREEMAN, Shelly",Australian Labor Party,0
VIC,219,Isaacs,3974,Noble Park,R,22120,0,R Ticket Votes,Secular Party of Australia,1
VIC,219,Isaacs,3974,Noble Park,R,20874,1,"PERKINS, John Leslie",Secular Party of Australia,0
VIC,219,Isaacs,3974,Noble Park,R,20877,2,"SCEATS, Rosemary Elizabeth",Secular Party of Australia,0
VIC,219,Isaacs,3974,Noble Park,S,22134,0,S Ticket Votes,Carers Alliance,2
VIC,219,Isaacs,3974,Noble Park,S,21941,1,"MONTEAGLE, Christopher",Carers Alliance,0
VIC,219,Isaacs,3974,Noble Park,S,21942,2,"PEACOCK, Wendy",Carers Alliance,0
VIC,219,Isaacs,3974,Noble Park,T,22122,0,T Ticket Votes,Liberal Democrats (LDP),38
VIC,219,Isaacs,3974,Noble Park,T,21251,1,"CURRIE, Ross",Liberal Democrats (LDP),0
VIC,219,Isaacs,3974,Noble Park,T,21310,2,"KLASS, Graeme Michael",Liberal Democrats (LDP),0
VIC,219,Isaacs,3974,Noble Park,U,22133,0,U Ticket Votes,,1
VIC,219,Isaacs,3974,Noble Park,U,21913,1,"MAYNE, Stephen",,0
VIC,219,Isaacs,3974,Noble Park,U,21914,2,"PICCININI, Paula",,0
VIC,219,Isaacs,3974,Noble Park,UG,20887,1,"BEALE, Grant",Independent,0
VIC,219,Isaacs,3974,Noble Park,UG,21428,2,"SHEA, Glenn",Independent,0
VIC,219,Isaacs,3974,Noble Park,ZZ,0,99,INFORMAL,,160
VIC,219,Isaacs,3975,Douglas,A,22119,0,A Ticket Votes,Socialist Equality Party,5
VIC,219,Isaacs,3975,Douglas,A,20946,1,"O'CONNOR, Patrick",Socialist Equality Party,0
VIC,219,Isaacs,3975,Douglas,A,20951,2,"VONGVIXAY, Keo",Socialist Equality Party,0
VIC,219,Isaacs,3975,Douglas,B,22126,0,B Ticket Votes,,1
VIC,219,Isaacs,3975,Douglas,B,21509,1,"TOSCANO, Joseph",,0
VIC,219,Isaacs,3975,Douglas,B,21512,2,"WARFE, Jenny",,0
VIC,219,Isaacs,3975,Douglas,B,21514,3,"SADAUSKAS, Andrew",,0
VIC,219,Isaacs,3975,Douglas,C,22129,0,C Ticket Votes,Family First,21
VIC,219,Isaacs,3975,Douglas,C,21716,1,"FIELDING, Steven",Family First,2
VIC,219,Isaacs,3975,Douglas,C,21728,2,"PLUMRIDGE, Gary",Family First,0
VIC,219,Isaacs,3975,Douglas,C,21732,3,"BOWN SEELEY, Ann Edith",Family First,0
VIC,219,Isaacs,3975,Douglas,C,21735,4,"GOH, Yuli",Family First,0
VIC,219,Isaacs,3975,Douglas,C,21737,5,"KHOO, Joyce",Family First,0
VIC,219,Isaacs,3975,Douglas,D,22131,0,D Ticket Votes,Australian Greens,80
VIC,219,Isaacs,3975,Douglas,D,21875,1,"DI NATALE, Richard",Australian Greens,5
VIC,219,Isaacs,3975,Douglas,D,21877,2,"RICE, Janet",Australian Greens,0
VIC,219,Isaacs,3975,Douglas,D,21878,3,"BUI, Nam",Australian Greens,0
VIC,219,Isaacs,3975,Douglas,D,21883,4,"HARGRAVE, Jen",Australian Greens,0
VIC,219,Isaacs,3975,Douglas,D,21885,5,"RIVENDELL, Julie",Australian Greens,0
VIC,219,Isaacs,3975,Douglas,D,21887,6,"SHNOOKAL, Liezl",Australian Greens,0
VIC,219,Isaacs,3975,Douglas,E,22123,0,E Ticket Votes,Senator On-Line,1
VIC,219,Isaacs,3975,Douglas,E,21434,1,"SARGENT, Glenn R",Senator On-Line,0
VIC,219,Isaacs,3975,Douglas,E,21437,2,"WARDLE, Emma Louise",Senator On-Line,0
VIC,219,Isaacs,3975,Douglas,F,22136,0,F Ticket Votes,Democratic Labor Party (DLP) of Australia,16
VIC,219,Isaacs,3975,Douglas,F,21985,1,"MADIGAN, John",Democratic Labor Party (DLP) of Australia,2
VIC,219,Isaacs,3975,Douglas,F,21987,2,"GONSALVEZ, Geraldine",Democratic Labor Party (DLP) of Australia,0
VIC,219,Isaacs,3975,Douglas,F,21989,3,"KAVANAGH, John",Democratic Labor Party (DLP) of Australia,0
VIC,219,Isaacs,3975,Douglas,G,22128,0,G Ticket Votes,Australian Democrats,1
VIC,219,Isaacs,3975,Douglas,G,21708,1,"HOWE, Roger",Australian Democrats,0
VIC,219,Isaacs,3975,Douglas,G,21711,2,"WESTGARTH, Rick",Australian Democrats,0
VIC,219,Isaacs,3975,Douglas,H,22125,0,H Ticket Votes,Shooters and Fishers,6
VIC,219,Isaacs,3975,Douglas,H,21443,1,"KELLY, Peter Maxwell",Shooters and Fishers,0
VIC,219,Isaacs,3975,Douglas,H,21445,2,"KRSTIC, Alex",Shooters and Fishers,0
VIC,219,Isaacs,3975,Douglas,I,22117,0,I Ticket Votes,Australian Sex Party,13
VIC,219,Isaacs,3975,Douglas,I,20835,1,"PATTEN, Fiona",Australian Sex Party,1
VIC,219,Isaacs,3975,Douglas,I,20836,2,"WILSON, Emma",Australian Sex Party,0
VIC,219,Isaacs,3975,Douglas,I,20837,3,"BLAKEY, Katie",Australian Sex Party,0
VIC,219,Isaacs,3975,Douglas,J,22130,0,J Ticket Votes,The Climate Sceptics,2
VIC,219,Isaacs,3975,Douglas,J,21869,1,"DAWSON, Chris",The Climate Sceptics,0
VIC,219,Isaacs,3975,Douglas,J,21872,2,"HOLMES, Lee",The Climate Sceptics,0
VIC,219,Isaacs,3975,Douglas,K,22121,0,K Ticket Votes,Socialist Alliance,1
VIC,219,Isaacs,3975,Douglas,K,21108,1,"WINDISCH, Margarita",Socialist Alliance,0
VIC,219,Isaacs,3975,Douglas,K,21114,2,"FIREBRACE, Sharon",Socialist Alliance,0
VIC,219,Isaacs,3975,Douglas,K,21116,3,"GUY, Ron",Socialist Alliance,0
VIC,219,Isaacs,3975,Douglas,L,22116,0,L Ticket Votes,Citizens Electoral Council,2
VIC,219,Isaacs,3975,Douglas,L,20771,1,"MITCHELL, Doug",Citizens Electoral Council,0
VIC,219,Isaacs,3975,Douglas,L,20775,2,"ISHERWOOD, Katherine",Citizens Electoral Council,0
VIC,219,Isaacs,3975,Douglas,M,22135,0,M Ticket Votes,Building Australia,2
VIC,219,Isaacs,3975,Douglas,M,21982,1,"EVANS, Darren",Building Australia,0
VIC,219,Isaacs,3975,Douglas,M,21983,2,"WHITE, Sam",Building Australia,0
VIC,219,Isaacs,3975,Douglas,N,22127,0,N Ticket Votes,One Nation,1
VIC,219,Isaacs,3975,Douglas,N,21700,1,"TOWNSEND, Rosalyn",One Nation,0
VIC,219,Isaacs,3975,Douglas,N,21704,2,"TOWNSEND, Phillip",One Nation,0
VIC,219,Isaacs,3975,Douglas,O,22118,0,O Ticket Votes,Liberal/The Nationals,148
VIC,219,Isaacs,3975,Douglas,O,21950,1,"RONALDSON, Michael",Liberal,0
VIC,219,Isaacs,3975,Douglas,O,21952,2,"McKENZIE, Bridget",The Nationals,0
VIC,219,Isaacs,3975,Douglas,O,21954,3,"McGAURAN, Julian",Liberal,0
VIC,219,Isaacs,3975,Douglas,O,21956,4,"JENNISON, Susan",Liberal,0
VIC,219,Isaacs,3975,Douglas,P,22132,0,P Ticket Votes,Christian Democratic Party,2
VIC,219,Isaacs,3975,Douglas,P,21894,1,"JANSON, Vickie",Christian Democratic Party,0
VIC,219,Isaacs,3975,Douglas,P,21911,2,"EDDY-VEITZ, BEN",Christian Democratic Party,0
VIC,219,Isaacs,3975,Douglas,Q,22124,0,Q Ticket Votes,Australian Labor Party,379
VIC,219,Isaacs,3975,Douglas,Q,21330,1,"CARR, Kim John",Australian Labor Party,0
VIC,219,Isaacs,3975,Douglas,Q,21337,2,"CONROY, Stephen Michael",Australian Labor Party,1
VIC,219,Isaacs,3975,Douglas,Q,21344,3,"THOW, Antony",Australian Labor Party,0
VIC,219,Isaacs,3975,Douglas,Q,21347,4,"LEWIS, Marg",Australian Labor Party,0
VIC,219,Isaacs,3975,Douglas,Q,21358,5,"FREEMAN, Shelly",Australian Labor Party,0
VIC,219,Isaacs,3975,Douglas,R,22120,0,R Ticket Votes,Secular Party of Australia,2
VIC,219,Isaacs,3975,Douglas,R,20874,1,"PERKINS, John Leslie",Secular Party of Australia,1
VIC,219,Isaacs,3975,Douglas,R,20877,2,"SCEATS, Rosemary Elizabeth",Secular Party of Australia,0
VIC,219,Isaacs,3975,Douglas,S,22134,0,S Ticket Votes,Carers Alliance,0
VIC,219,Isaacs,3975,Douglas,S,21941,1,"MONTEAGLE, Christopher",Carers Alliance,0
VIC,219,Isaacs,3975,Douglas,S,21942,2,"PEACOCK, Wendy",Carers Alliance,0
VIC,219,Isaacs,3975,Douglas,T,22122,0,T Ticket Votes,Liberal Democrats (LDP),12
VIC,219,Isaacs,3975,Douglas,T,21251,1,"CURRIE, Ross",Liberal Democrats (LDP),0
VIC,219,Isaacs,3975,Douglas,T,21310,2,"KLASS, Graeme Michael",Liberal Democrats (LDP),1
VIC,219,Isaacs,3975,Douglas,U,22133,0,U Ticket Votes,,2
VIC,219,Isaacs,3975,Douglas,U,21913,1,"MAYNE, Stephen",,0
VIC,219,Isaacs,3975,Douglas,U,21914,2,"PICCININI, Paula",,0
VIC,219,Isaacs,3975,Douglas,UG,20887,1,"BEALE, Grant",Independent,2
VIC,219,Isaacs,3975,Douglas,UG,21428,2,"SHEA, Glenn",Independent,0
VIC,219,Isaacs,3975,Douglas,ZZ,0,99,INFORMAL,,54
VIC,219,Isaacs,3979,Skye (Isaacs),A,22119,0,A Ticket Votes,Socialist Equality Party,2
VIC,219,Isaacs,3979,Skye (Isaacs),A,20946,1,"O'CONNOR, Patrick",Socialist Equality Party,0
VIC,219,Isaacs,3979,Skye (Isaacs),A,20951,2,"VONGVIXAY, Keo",Socialist Equality Party,0
VIC,219,Isaacs,3979,Skye (Isaacs),B,22126,0,B Ticket Votes,,1
VIC,219,Isaacs,3979,Skye (Isaacs),B,21509,1,"TOSCANO, Joseph",,0
VIC,219,Isaacs,3979,Skye (Isaacs),B,21512,2,"WARFE, Jenny",,0
VIC,219,Isaacs,3979,Skye (Isaacs),B,21514,3,"SADAUSKAS, Andrew",,0
VIC,219,Isaacs,3979,Skye (Isaacs),C,22129,0,C Ticket Votes,Family First,49
VIC,219,Isaacs,3979,Skye (Isaacs),C,21716,1,"FIELDING, Steven",Family First,1
VIC,219,Isaacs,3979,Skye (Isaacs),C,21728,2,"PLUMRIDGE, Gary",Family First,0
VIC,219,Isaacs,3979,Skye (Isaacs),C,21732,3,"BOWN SEELEY, Ann Edith",Family First,1
VIC,219,Isaacs,3979,Skye (Isaacs),C,21735,4,"GOH, Yuli",Family First,0
VIC,219,Isaacs,3979,Skye (Isaacs),C,21737,5,"KHOO, Joyce",Family First,0
VIC,219,Isaacs,3979,Skye (Isaacs),D,22131,0,D Ticket Votes,Australian Greens,154
VIC,219,Isaacs,3979,Skye (Isaacs),D,21875,1,"DI NATALE, Richard",Australian Greens,3
VIC,219,Isaacs,3979,Skye (Isaacs),D,21877,2,"RICE, Janet",Australian Greens,0
VIC,219,Isaacs,3979,Skye (Isaacs),D,21878,3,"BUI, Nam",Australian Greens,0
VIC,219,Isaacs,3979,Skye (Isaacs),D,21883,4,"HARGRAVE, Jen",Australian Greens,0
VIC,219,Isaacs,3979,Skye (Isaacs),D,21885,5,"RIVENDELL, Julie",Australian Greens,0
VIC,219,Isaacs,3979,Skye (Isaacs),D,21887,6,"SHNOOKAL, Liezl",Australian Greens,0
VIC,219,Isaacs,3979,Skye (Isaacs),E,22123,0,E Ticket Votes,Senator On-Line,2
VIC,219,Isaacs,3979,Skye (Isaacs),E,21434,1,"SARGENT, Glenn R",Senator On-Line,1
VIC,219,Isaacs,3979,Skye (Isaacs),E,21437,2,"WARDLE, Emma Louise",Senator On-Line,0
VIC,219,Isaacs,3979,Skye (Isaacs),F,22136,0,F Ticket Votes,Democratic Labor Party (DLP) of Australia,50
VIC,219,Isaacs,3979,Skye (Isaacs),F,21985,1,"MADIGAN, John",Democratic Labor Party (DLP) of Australia,0
VIC,219,Isaacs,3979,Skye (Isaacs),F,21987,2,"GONSALVEZ, Geraldine",Democratic Labor Party (DLP) of Australia,0
VIC,219,Isaacs,3979,Skye (Isaacs),F,21989,3,"KAVANAGH, John",Democratic Labor Party (DLP) of Australia,0
VIC,219,Isaacs,3979,Skye (Isaacs),G,22128,0,G Ticket Votes,Australian Democrats,5
VIC,219,Isaacs,3979,Skye (Isaacs),G,21708,1,"HOWE, Roger",Australian Democrats,0
VIC,219,Isaacs,3979,Skye (Isaacs),G,21711,2,"WESTGARTH, Rick",Australian Democrats,0
VIC,219,Isaacs,3979,Skye (Isaacs),H,22125,0,H Ticket Votes,Shooters and Fishers,27
VIC,219,Isaacs,3979,Skye (Isaacs),H,21443,1,"KELLY, Peter Maxwell",Shooters and Fishers,3
VIC,219,Isaacs,3979,Skye (Isaacs),H,21445,2,"KRSTIC, Alex",Shooters and Fishers,0
VIC,219,Isaacs,3979,Skye (Isaacs),I,22117,0,I Ticket Votes,Australian Sex Party,54
VIC,219,Isaacs,3979,Skye (Isaacs),I,20835,1,"PATTEN, Fiona",Australian Sex Party,7
VIC,219,Isaacs,3979,Skye (Isaacs),I,20836,2,"WILSON, Emma",Australian Sex Party,0
VIC,219,Isaacs,3979,Skye (Isaacs),I,20837,3,"BLAKEY, Katie",Australian Sex Party,1
VIC,219,Isaacs,3979,Skye (Isaacs),J,22130,0,J Ticket Votes,The Climate Sceptics,5
VIC,219,Isaacs,3979,Skye (Isaacs),J,21869,1,"DAWSON, Chris",The Climate Sceptics,0
VIC,219,Isaacs,3979,Skye (Isaacs),J,21872,2,"HOLMES, Lee",The Climate Sceptics,0
VIC,219,Isaacs,3979,Skye (Isaacs),K,22121,0,K Ticket Votes,Socialist Alliance,0
VIC,219,Isaacs,3979,Skye (Isaacs),K,21108,1,"WINDISCH, Margarita",Socialist Alliance,0
VIC,219,Isaacs,3979,Skye (Isaacs),K,21114,2,"FIREBRACE, Sharon",Socialist Alliance,0
VIC,219,Isaacs,3979,Skye (Isaacs),K,21116,3,"GUY, Ron",Socialist Alliance,0
VIC,219,Isaacs,3979,Skye (Isaacs),L,22116,0,L Ticket Votes,Citizens Electoral Council,0
VIC,219,Isaacs,3979,Skye (Isaacs),L,20771,1,"MITCHELL, Doug",Citizens Electoral Council,0
VIC,219,Isaacs,3979,Skye (Isaacs),L,20775,2,"ISHERWOOD, Katherine",Citizens Electoral Council,0
VIC,219,Isaacs,3979,Skye (Isaacs),M,22135,0,M Ticket Votes,Building Australia,2
VIC,219,Isaacs,3979,Skye (Isaacs),M,21982,1,"EVANS, Darren",Building Australia,0
VIC,219,Isaacs,3979,Skye (Isaacs),M,21983,2,"WHITE, Sam",Building Australia,0
VIC,219,Isaacs,3979,Skye (Isaacs),N,22127,0,N Ticket Votes,One Nation,11
VIC,219,Isaacs,3979,Skye (Isaacs),N,21700,1,"TOWNSEND, Rosalyn",One Nation,0
VIC,219,Isaacs,3979,Skye (Isaacs),N,21704,2,"TOWNSEND, Phillip",One Nation,0
VIC,219,Isaacs,3979,Skye (Isaacs),O,22118,0,O Ticket Votes,Liberal/The Nationals,490
VIC,219,Isaacs,3979,Skye (Isaacs),O,21950,1,"RONALDSON, Michael",Liberal,3
VIC,219,Isaacs,3979,Skye (Isaacs),O,21952,2,"McKENZIE, Bridget",The Nationals,0
VIC,219,Isaacs,3979,Skye (Isaacs),O,21954,3,"McGAURAN, Julian",Liberal,0
VIC,219,Isaacs,3979,Skye (Isaacs),O,21956,4,"JENNISON, Susan",Liberal,1
VIC,219,Isaacs,3979,Skye (Isaacs),P,22132,0,P Ticket Votes,Christian Democratic Party,9
VIC,219,Isaacs,3979,Skye (Isaacs),P,21894,1,"JANSON, Vickie",Christian Democratic Party,0
VIC,219,Isaacs,3979,Skye (Isaacs),P,21911,2,"EDDY-VEITZ, BEN",Christian Democratic Party,0
VIC,219,Isaacs,3979,Skye (Isaacs),Q,22124,0,Q Ticket Votes,Australian Labor Party,692
VIC,219,Isaacs,3979,Skye (Isaacs),Q,21330,1,"CARR, Kim John",Australian Labor Party,3
VIC,219,Isaacs,3979,Skye (Isaacs),Q,21337,2,"CONROY, Stephen Michael",Australian Labor Party,0
VIC,219,Isaacs,3979,Skye (Isaacs),Q,21344,3,"THOW, Antony",Australian Labor Party,0
VIC,219,Isaacs,3979,Skye (Isaacs),Q,21347,4,"LEWIS, Marg",Australian Labor Party,0
VIC,219,Isaacs,3979,Skye (Isaacs),Q,21358,5,"FREEMAN, Shelly",Australian Labor Party,1
VIC,219,Isaacs,3979,Skye (Isaacs),R,22120,0,R Ticket Votes,Secular Party of Australia,1
VIC,219,Isaacs,3979,Skye (Isaacs),R,20874,1,"PERKINS, John Leslie",Secular Party of Australia,0
VIC,219,Isaacs,3979,Skye (Isaacs),R,20877,2,"SCEATS, Rosemary Elizabeth",Secular Party of Australia,0
VIC,219,Isaacs,3979,Skye (Isaacs),S,22134,0,S Ticket Votes,Carers Alliance,2
VIC,219,Isaacs,3979,Skye (Isaacs),S,21941,1,"MONTEAGLE, Christopher",Carers Alliance,0
VIC,219,Isaacs,3979,Skye (Isaacs),S,21942,2,"PEACOCK, Wendy",Carers Alliance,0
VIC,219,Isaacs,3979,Skye (Isaacs),T,22122,0,T Ticket Votes,Liberal Democrats (LDP),26
VIC,219,Isaacs,3979,Skye (Isaacs),T,21251,1,"CURRIE, Ross",Liberal Democrats (LDP),0
VIC,219,Isaacs,3979,Skye (Isaacs),T,21310,2,"KLASS, Graeme Michael",Liberal Democrats (LDP),0
VIC,219,Isaacs,3979,Skye (Isaacs),U,22133,0,U Ticket Votes,,2
VIC,219,Isaacs,3979,Skye (Isaacs),U,21913,1,"MAYNE, Stephen",,0
VIC,219,Isaacs,3979,Skye (Isaacs),U,21914,2,"PICCININI, Paula",,0
VIC,219,Isaacs,3979,Skye (Isaacs),UG,20887,1,"BEALE, Grant",Independent,0
VIC,219,Isaacs,3979,Skye (Isaacs),UG,21428,2,"SHEA, Glenn",Independent,0
VIC,219,Isaacs,3979,Skye (Isaacs),ZZ,0,99,INFORMAL,,74
VIC,219,Isaacs,3981,Wallarano,A,22119,0,A Ticket Votes,Socialist Equality Party,9
VIC,219,Isaacs,3981,Wallarano,A,20946,1,"O'CONNOR, Patrick",Socialist Equality Party,2
VIC,219,Isaacs,3981,Wallarano,A,20951,2,"VONGVIXAY, Keo",Socialist Equality Party,0
VIC,219,Isaacs,3981,Wallarano,B,22126,0,B Ticket Votes,,3
VIC,219,Isaacs,3981,Wallarano,B,21509,1,"TOSCANO, Joseph",,0
VIC,219,Isaacs,3981,Wallarano,B,21512,2,"WARFE, Jenny",,0
VIC,219,Isaacs,3981,Wallarano,B,21514,3,"SADAUSKAS, Andrew",,0
VIC,219,Isaacs,3981,Wallarano,C,22129,0,C Ticket Votes,Family First,93
VIC,219,Isaacs,3981,Wallarano,C,21716,1,"FIELDING, Steven",Family First,1
VIC,219,Isaacs,3981,Wallarano,C,21728,2,"PLUMRIDGE, Gary",Family First,0
VIC,219,Isaacs,3981,Wallarano,C,21732,3,"BOWN SEELEY, Ann Edith",Family First,0
VIC,219,Isaacs,3981,Wallarano,C,21735,4,"GOH, Yuli",Family First,0
VIC,219,Isaacs,3981,Wallarano,C,21737,5,"KHOO, Joyce",Family First,0
VIC,219,Isaacs,3981,Wallarano,D,22131,0,D Ticket Votes,Australian Greens,271
VIC,219,Isaacs,3981,Wallarano,D,21875,1,"DI NATALE, Richard",Australian Greens,6
VIC,219,Isaacs,3981,Wallarano,D,21877,2,"RICE, Janet",Australian Greens,0
VIC,219,Isaacs,3981,Wallarano,D,21878,3,"BUI, Nam",Australian Greens,1
VIC,219,Isaacs,3981,Wallarano,D,21883,4,"HARGRAVE, Jen",Australian Greens,1
VIC,219,Isaacs,3981,Wallarano,D,21885,5,"RIVENDELL, Julie",Australian Greens,0
VIC,219,Isaacs,3981,Wallarano,D,21887,6,"SHNOOKAL, Liezl",Australian Greens,0
VIC,219,Isaacs,3981,Wallarano,E,22123,0,E Ticket Votes,Senator On-Line,8
VIC,219,Isaacs,3981,Wallarano,E,21434,1,"SARGENT, Glenn R",Senator On-Line,0
VIC,219,Isaacs,3981,Wallarano,E,21437,2,"WARDLE, Emma Louise",Senator On-Line,0
VIC,219,Isaacs,3981,Wallarano,F,22136,0,F Ticket Votes,Democratic Labor Party (DLP) of Australia,143
VIC,219,Isaacs,3981,Wallarano,F,21985,1,"MADIGAN, John",Democratic Labor Party (DLP) of Australia,1
VIC,219,Isaacs,3981,Wallarano,F,21987,2,"GONSALVEZ, Geraldine",Democratic Labor Party (DLP) of Australia,0
VIC,219,Isaacs,3981,Wallarano,F,21989,3,"KAVANAGH, John",Democratic Labor Party (DLP) of Australia,0
VIC,219,Isaacs,3981,Wallarano,G,22128,0,G Ticket Votes,Australian Democrats,13
VIC,219,Isaacs,3981,Wallarano,G,21708,1,"HOWE, Roger",Australian Democrats,0
VIC,219,Isaacs,3981,Wallarano,G,21711,2,"WESTGARTH, Rick",Australian Democrats,0
VIC,219,Isaacs,3981,Wallarano,H,22125,0,H Ticket Votes,Shooters and Fishers,18
VIC,219,Isaacs,3981,Wallarano,H,21443,1,"KELLY, Peter Maxwell",Shooters and Fishers,0
VIC,219,Isaacs,3981,Wallarano,H,21445,2,"KRSTIC, Alex",Shooters and Fishers,0
VIC,219,Isaacs,3981,Wallarano,I,22117,0,I Ticket Votes,Australian Sex Party,59
VIC,219,Isaacs,3981,Wallarano,I,20835,1,"PATTEN, Fiona",Australian Sex Party,1
VIC,219,Isaacs,3981,Wallarano,I,20836,2,"WILSON, Emma",Australian Sex Party,0
VIC,219,Isaacs,3981,Wallarano,I,20837,3,"BLAKEY, Katie",Australian Sex Party,0
VIC,219,Isaacs,3981,Wallarano,J,22130,0,J Ticket Votes,The Climate Sceptics,2
VIC,219,Isaacs,3981,Wallarano,J,21869,1,"DAWSON, Chris",The Climate Sceptics,0
VIC,219,Isaacs,3981,Wallarano,J,21872,2,"HOLMES, Lee",The Climate Sceptics,0
VIC,219,Isaacs,3981,Wallarano,K,22121,0,K Ticket Votes,Socialist Alliance,8
VIC,219,Isaacs,3981,Wallarano,K,21108,1,"WINDISCH, Margarita",Socialist Alliance,0
VIC,219,Isaacs,3981,Wallarano,K,21114,2,"FIREBRACE, Sharon",Socialist Alliance,0
VIC,219,Isaacs,3981,Wallarano,K,21116,3,"GUY, Ron",Socialist Alliance,0
VIC,219,Isaacs,3981,Wallarano,L,22116,0,L Ticket Votes,Citizens Electoral Council,2
VIC,219,Isaacs,3981,Wallarano,L,20771,1,"MITCHELL, Doug",Citizens Electoral Council,0
VIC,219,Isaacs,3981,Wallarano,L,20775,2,"ISHERWOOD, Katherine",Citizens Electoral Council,0
VIC,219,Isaacs,3981,Wallarano,M,22135,0,M Ticket Votes,Building Australia,4
VIC,219,Isaacs,3981,Wallarano,M,21982,1,"EVANS, Darren",Building Australia,0
VIC,219,Isaacs,3981,Wallarano,M,21983,2,"WHITE, Sam",Building Australia,0
VIC,219,Isaacs,3981,Wallarano,N,22127,0,N Ticket Votes,One Nation,13
VIC,219,Isaacs,3981,Wallarano,N,21700,1,"TOWNSEND, Rosalyn",One Nation,0
VIC,219,Isaacs,3981,Wallarano,N,21704,2,"TOWNSEND, Phillip",One Nation,0
VIC,219,Isaacs,3981,Wallarano,O,22118,0,O Ticket Votes,Liberal/The Nationals,638
VIC,219,Isaacs,3981,Wallarano,O,21950,1,"RONALDSON, Michael",Liberal,3
VIC,219,Isaacs,3981,Wallarano,O,21952,2,"McKENZIE, Bridget",The Nationals,0
VIC,219,Isaacs,3981,Wallarano,O,21954,3,"McGAURAN, Julian",Liberal,0
VIC,219,Isaacs,3981,Wallarano,O,21956,4,"JENNISON, Susan",Liberal,0
VIC,219,Isaacs,3981,Wallarano,P,22132,0,P Ticket Votes,Christian Democratic Party,10
VIC,219,Isaacs,3981,Wallarano,P,21894,1,"JANSON, Vickie",Christian Democratic Party,0
VIC,219,Isaacs,3981,Wallarano,P,21911,2,"EDDY-VEITZ, BEN",Christian Democratic Party,0
VIC,219,Isaacs,3981,Wallarano,Q,22124,0,Q Ticket Votes,Australian Labor Party,1446
VIC,219,Isaacs,3981,Wallarano,Q,21330,1,"CARR, Kim John",Australian Labor Party,8
VIC,219,Isaacs,3981,Wallarano,Q,21337,2,"CONROY, Stephen Michael",Australian Labor Party,2
VIC,219,Isaacs,3981,Wallarano,Q,21344,3,"THOW, Antony",Australian Labor Party,0
VIC,219,Isaacs,3981,Wallarano,Q,21347,4,"LEWIS, Marg",Australian Labor Party,0
VIC,219,Isaacs,3981,Wallarano,Q,21358,5,"FREEMAN, Shelly",Australian Labor Party,0
VIC,219,Isaacs,3981,Wallarano,R,22120,0,R Ticket Votes,Secular Party of Australia,1
VIC,219,Isaacs,3981,Wallarano,R,20874,1,"PERKINS, John Leslie",Secular Party of Australia,0
VIC,219,Isaacs,3981,Wallarano,R,20877,2,"SCEATS, Rosemary Elizabeth",Secular Party of Australia,0
VIC,219,Isaacs,3981,Wallarano,S,22134,0,S Ticket Votes,Carers Alliance,3
VIC,219,Isaacs,3981,Wallarano,S,21941,1,"MONTEAGLE, Christopher",Carers Alliance,1
VIC,219,Isaacs,3981,Wallarano,S,21942,2,"PEACOCK, Wendy",Carers Alliance,0
VIC,219,Isaacs,3981,Wallarano,T,22122,0,T Ticket Votes,Liberal Democrats (LDP),41
VIC,219,Isaacs,3981,Wallarano,T,21251,1,"CURRIE, Ross",Liberal Democrats (LDP),0
VIC,219,Isaacs,3981,Wallarano,T,21310,2,"KLASS, Graeme Michael",Liberal Democrats (LDP),0
VIC,219,Isaacs,3981,Wallarano,U,22133,0,U Ticket Votes,,0
VIC,219,Isaacs,3981,Wallarano,U,21913,1,"MAYNE, Stephen",,3
VIC,219,Isaacs,3981,Wallarano,U,21914,2,"PICCININI, Paula",,0
VIC,219,Isaacs,3981,Wallarano,UG,20887,1,"BEALE, Grant",Independent,0
VIC,219,Isaacs,3981,Wallarano,UG,21428,2,"SHEA, Glenn",Independent,0
VIC,219,Isaacs,3981,Wallarano,ZZ,0,99,INFORMAL,,204
VIC,219,Isaacs,3991,Cheltenham South,A,22119,0,A Ticket Votes,Socialist Equality Party,1
VIC,219,Isaacs,3991,Cheltenham South,A,20946,1,"O'CONNOR, Patrick",Socialist Equality Party,0
VIC,219,Isaacs,3991,Cheltenham South,A,20951,2,"VONGVIXAY, Keo",Socialist Equality Party,0
VIC,219,Isaacs,3991,Cheltenham South,B,22126,0,B Ticket Votes,,1
VIC,219,Isaacs,3991,Cheltenham South,B,21509,1,"TOSCANO, Joseph",,0
VIC,219,Isaacs,3991,Cheltenham South,B,21512,2,"WARFE, Jenny",,0
VIC,219,Isaacs,3991,Cheltenham South,B,21514,3,"SADAUSKAS, Andrew",,0
VIC,219,Isaacs,3991,Cheltenham South,C,22129,0,C Ticket Votes,Family First,15
VIC,219,Isaacs,3991,Cheltenham South,C,21716,1,"FIELDING, Steven",Family First,0
VIC,219,Isaacs,3991,Cheltenham South,C,21728,2,"PLUMRIDGE, Gary",Family First,0
VIC,219,Isaacs,3991,Cheltenham South,C,21732,3,"BOWN SEELEY, Ann Edith",Family First,0
VIC,219,Isaacs,3991,Cheltenham South,C,21735,4,"GOH, Yuli",Family First,0
VIC,219,Isaacs,3991,Cheltenham South,C,21737,5,"KHOO, Joyce",Family First,0
VIC,219,Isaacs,3991,Cheltenham South,D,22131,0,D Ticket Votes,Australian Greens,140
VIC,219,Isaacs,3991,Cheltenham South,D,21875,1,"DI NATALE, Richard",Australian Greens,7
VIC,219,Isaacs,3991,Cheltenham South,D,21877,2,"RICE, Janet",Australian Greens,0
VIC,219,Isaacs,3991,Cheltenham South,D,21878,3,"BUI, Nam",Australian Greens,0
VIC,219,Isaacs,3991,Cheltenham South,D,21883,4,"HARGRAVE, Jen",Australian Greens,0
VIC,219,Isaacs,3991,Cheltenham South,D,21885,5,"RIVENDELL, Julie",Australian Greens,0
VIC,219,Isaacs,3991,Cheltenham South,D,21887,6,"SHNOOKAL, Liezl",Australian Greens,0
VIC,219,Isaacs,3991,Cheltenham South,E,22123,0,E Ticket Votes,Senator On-Line,0
VIC,219,Isaacs,3991,Cheltenham South,E,21434,1,"SARGENT, Glenn R",Senator On-Line,0
VIC,219,Isaacs,3991,Cheltenham South,E,21437,2,"WARDLE, Emma Louise",Senator On-Line,0
VIC,219,Isaacs,3991,Cheltenham South,F,22136,0,F Ticket Votes,Democratic Labor Party (DLP) of Australia,14
VIC,219,Isaacs,3991,Cheltenham South,F,21985,1,"MADIGAN, John",Democratic Labor Party (DLP) of Australia,0
VIC,219,Isaacs,3991,Cheltenham South,F,21987,2,"GONSALVEZ, Geraldine",Democratic Labor Party (DLP) of Australia,0
VIC,219,Isaacs,3991,Cheltenham South,F,21989,3,"KAVANAGH, John",Democratic Labor Party (DLP) of Australia,0
VIC,219,Isaacs,3991,Cheltenham South,G,22128,0,G Ticket Votes,Australian Democrats,2
VIC,219,Isaacs,3991,Cheltenham South,G,21708,1,"HOWE, Roger",Australian Democrats,1
VIC,219,Isaacs,3991,Cheltenham South,G,21711,2,"WESTGARTH, Rick",Australian Democrats,1
VIC,219,Isaacs,3991,Cheltenham South,H,22125,0,H Ticket Votes,Shooters and Fishers,3
VIC,219,Isaacs,3991,Cheltenham South,H,21443,1,"KELLY, Peter Maxwell",Shooters and Fishers,0
VIC,219,Isaacs,3991,Cheltenham South,H,21445,2,"KRSTIC, Alex",Shooters and Fishers,0
VIC,219,Isaacs,3991,Cheltenham South,I,22117,0,I Ticket Votes,Australian Sex Party,18
VIC,219,Isaacs,3991,Cheltenham South,I,20835,1,"PATTEN, Fiona",Australian Sex Party,0
VIC,219,Isaacs,3991,Cheltenham South,I,20836,2,"WILSON, Emma",Australian Sex Party,0
VIC,219,Isaacs,3991,Cheltenham South,I,20837,3,"BLAKEY, Katie",Australian Sex Party,0
VIC,219,Isaacs,3991,Cheltenham South,J,22130,0,J Ticket Votes,The Climate Sceptics,0
VIC,219,Isaacs,3991,Cheltenham South,J,21869,1,"DAWSON, Chris",The Climate Sceptics,0
VIC,219,Isaacs,3991,Cheltenham South,J,21872,2,"HOLMES, Lee",The Climate Sceptics,0
VIC,219,Isaacs,3991,Cheltenham South,K,22121,0,K Ticket Votes,Socialist Alliance,0
VIC,219,Isaacs,3991,Cheltenham South,K,21108,1,"WINDISCH, Margarita",Socialist Alliance,0
VIC,219,Isaacs,3991,Cheltenham South,K,21114,2,"FIREBRACE, Sharon",Socialist Alliance,0
VIC,219,Isaacs,3991,Cheltenham South,K,21116,3,"GUY, Ron",Socialist Alliance,0
VIC,219,Isaacs,3991,Cheltenham South,L,22116,0,L Ticket Votes,Citizens Electoral Council,0
VIC,219,Isaacs,3991,Cheltenham South,L,20771,1,"MITCHELL, Doug",Citizens Electoral Council,0
VIC,219,Isaacs,3991,Cheltenham South,L,20775,2,"ISHERWOOD, Katherine",Citizens Electoral Council,0
VIC,219,Isaacs,3991,Cheltenham South,M,22135,0,M Ticket Votes,Building Australia,0
VIC,219,Isaacs,3991,Cheltenham South,M,21982,1,"EVANS, Darren",Building Australia,0
VIC,219,Isaacs,3991,Cheltenham South,M,21983,2,"WHITE, Sam",Building Australia,0
VIC,219,Isaacs,3991,Cheltenham South,N,22127,0,N Ticket Votes,One Nation,1
VIC,219,Isaacs,3991,Cheltenham South,N,21700,1,"TOWNSEND, Rosalyn",One Nation,0
VIC,219,Isaacs,3991,Cheltenham South,N,21704,2,"TOWNSEND, Phillip",One Nation,0
VIC,219,Isaacs,3991,Cheltenham South,O,22118,0,O Ticket Votes,Liberal/The Nationals,296
VIC,219,Isaacs,3991,Cheltenham South,O,21950,1,"RONALDSON, Michael",Liberal,2
VIC,219,Isaacs,3991,Cheltenham South,O,21952,2,"McKENZIE, Bridget",The Nationals,0
VIC,219,Isaacs,3991,Cheltenham South,O,21954,3,"McGAURAN, Julian",Liberal,0
VIC,219,Isaacs,3991,Cheltenham South,O,21956,4,"JENNISON, Susan",Liberal,0
VIC,219,Isaacs,3991,Cheltenham South,P,22132,0,P Ticket Votes,Christian Democratic Party,3
VIC,219,Isaacs,3991,Cheltenham South,P,21894,1,"JANSON, Vickie",Christian Democratic Party,0
VIC,219,Isaacs,3991,Cheltenham South,P,21911,2,"EDDY-VEITZ, BEN",Christian Democratic Party,0
VIC,219,Isaacs,3991,Cheltenham South,Q,22124,0,Q Ticket Votes,Australian Labor Party,329
VIC,219,Isaacs,3991,Cheltenham South,Q,21330,1,"CARR, Kim John",Australian Labor Party,3
VIC,219,Isaacs,3991,Cheltenham South,Q,21337,2,"CONROY, Stephen Michael",Australian Labor Party,0
VIC,219,Isaacs,3991,Cheltenham South,Q,21344,3,"THOW, Antony",Australian Labor Party,0
VIC,219,Isaacs,3991,Cheltenham South,Q,21347,4,"LEWIS, Marg",Australian Labor Party,0
VIC,219,Isaacs,3991,Cheltenham South,Q,21358,5,"FREEMAN, Shelly",Australian Labor Party,2
VIC,219,Isaacs,3991,Cheltenham South,R,22120,0,R Ticket Votes,Secular Party of Australia,2
VIC,219,Isaacs,3991,Cheltenham South,R,20874,1,"PERKINS, John Leslie",Secular Party of Australia,1
VIC,219,Isaacs,3991,Cheltenham South,R,20877,2,"SCEATS, Rosemary Elizabeth",Secular Party of Australia,0
VIC,219,Isaacs,3991,Cheltenham South,S,22134,0,S Ticket Votes,Carers Alliance,2
VIC,219,Isaacs,3991,Cheltenham South,S,21941,1,"MONTEAGLE, Christopher",Carers Alliance,0
VIC,219,Isaacs,3991,Cheltenham South,S,21942,2,"PEACOCK, Wendy",Carers Alliance,0
VIC,219,Isaacs,3991,Cheltenham South,T,22122,0,T Ticket Votes,Liberal Democrats (LDP),12
VIC,219,Isaacs,3991,Cheltenham South,T,21251,1,"CURRIE, Ross",Liberal Democrats (LDP),1
VIC,219,Isaacs,3991,Cheltenham South,T,21310,2,"KLASS, Graeme Michael",Liberal Democrats (LDP),0
VIC,219,Isaacs,3991,Cheltenham South,U,22133,0,U Ticket Votes,,0
VIC,219,Isaacs,3991,Cheltenham South,U,21913,1,"MAYNE, Stephen",,0
VIC,219,Isaacs,3991,Cheltenham South,U,21914,2,"PICCININI, Paula",,0
VIC,219,Isaacs,3991,Cheltenham South,UG,20887,1,"BEALE, Grant",Independent,0
VIC,219,Isaacs,3991,Cheltenham South,UG,21428,2,"SHEA, Glenn",Independent,0
VIC,219,Isaacs,3991,Cheltenham South,ZZ,0,99,INFORMAL,,30
VIC,219,Isaacs,4007,Southvale (Isaacs),A,22119,0,A Ticket Votes,Socialist Equality Party,4
VIC,219,Isaacs,4007,Southvale (Isaacs),A,20946,1,"O'CONNOR, Patrick",Socialist Equality Party,1
VIC,219,Isaacs,4007,Southvale (Isaacs),A,20951,2,"VONGVIXAY, Keo",Socialist Equality Party,0
VIC,219,Isaacs,4007,Southvale (Isaacs),B,22126,0,B Ticket Votes,,1
VIC,219,Isaacs,4007,Southvale (Isaacs),B,21509,1,"TOSCANO, Joseph",,0
VIC,219,Isaacs,4007,Southvale (Isaacs),B,21512,2,"WARFE, Jenny",,0
VIC,219,Isaacs,4007,Southvale (Isaacs),B,21514,3,"SADAUSKAS, Andrew",,0
VIC,219,Isaacs,4007,Southvale (Isaacs),C,22129,0,C Ticket Votes,Family First,46
VIC,219,Isaacs,4007,Southvale (Isaacs),C,21716,1,"FIELDING, Steven",Family First,1
VIC,219,Isaacs,4007,Southvale (Isaacs),C,21728,2,"PLUMRIDGE, Gary",Family First,0
VIC,219,Isaacs,4007,Southvale (Isaacs),C,21732,3,"BOWN SEELEY, Ann Edith",Family First,0
VIC,219,Isaacs,4007,Southvale (Isaacs),C,21735,4,"GOH, Yuli",Family First,0
VIC,219,Isaacs,4007,Southvale (Isaacs),C,21737,5,"KHOO, Joyce",Family First,1
VIC,219,Isaacs,4007,Southvale (Isaacs),D,22131,0,D Ticket Votes,Australian Greens,108
VIC,219,Isaacs,4007,Southvale (Isaacs),D,21875,1,"DI NATALE, Richard",Australian Greens,6
VIC,219,Isaacs,4007,Southvale (Isaacs),D,21877,2,"RICE, Janet",Australian Greens,1
VIC,219,Isaacs,4007,Southvale (Isaacs),D,21878,3,"BUI, Nam",Australian Greens,0
VIC,219,Isaacs,4007,Southvale (Isaacs),D,21883,4,"HARGRAVE, Jen",Australian Greens,0
VIC,219,Isaacs,4007,Southvale (Isaacs),D,21885,5,"RIVENDELL, Julie",Australian Greens,0
VIC,219,Isaacs,4007,Southvale (Isaacs),D,21887,6,"SHNOOKAL, Liezl",Australian Greens,0
VIC,219,Isaacs,4007,Southvale (Isaacs),E,22123,0,E Ticket Votes,Senator On-Line,4
VIC,219,Isaacs,4007,Southvale (Isaacs),E,21434,1,"SARGENT, Glenn R",Senator On-Line,0
VIC,219,Isaacs,4007,Southvale (Isaacs),E,21437,2,"WARDLE, Emma Louise",Senator On-Line,0
VIC,219,Isaacs,4007,Southvale (Isaacs),F,22136,0,F Ticket Votes,Democratic Labor Party (DLP) of Australia,59
VIC,219,Isaacs,4007,Southvale (Isaacs),F,21985,1,"MADIGAN, John",Democratic Labor Party (DLP) of Australia,3
VIC,219,Isaacs,4007,Southvale (Isaacs),F,21987,2,"GONSALVEZ, Geraldine",Democratic Labor Party (DLP) of Australia,0
VIC,219,Isaacs,4007,Southvale (Isaacs),F,21989,3,"KAVANAGH, John",Democratic Labor Party (DLP) of Australia,0
VIC,219,Isaacs,4007,Southvale (Isaacs),G,22128,0,G Ticket Votes,Australian Democrats,5
VIC,219,Isaacs,4007,Southvale (Isaacs),G,21708,1,"HOWE, Roger",Australian Democrats,0
VIC,219,Isaacs,4007,Southvale (Isaacs),G,21711,2,"WESTGARTH, Rick",Australian Democrats,0
VIC,219,Isaacs,4007,Southvale (Isaacs),H,22125,0,H Ticket Votes,Shooters and Fishers,7
VIC,219,Isaacs,4007,Southvale (Isaacs),H,21443,1,"KELLY, Peter Maxwell",Shooters and Fishers,0
VIC,219,Isaacs,4007,Southvale (Isaacs),H,21445,2,"KRSTIC, Alex",Shooters and Fishers,0
VIC,219,Isaacs,4007,Southvale (Isaacs),I,22117,0,I Ticket Votes,Australian Sex Party,29
VIC,219,Isaacs,4007,Southvale (Isaacs),I,20835,1,"PATTEN, Fiona",Australian Sex Party,2
VIC,219,Isaacs,4007,Southvale (Isaacs),I,20836,2,"WILSON, Emma",Australian Sex Party,0
VIC,219,Isaacs,4007,Southvale (Isaacs),I,20837,3,"BLAKEY, Katie",Australian Sex Party,0
VIC,219,Isaacs,4007,Southvale (Isaacs),J,22130,0,J Ticket Votes,The Climate Sceptics,2
VIC,219,Isaacs,4007,Southvale (Isaacs),J,21869,1,"DAWSON, Chris",The Climate Sceptics,0
VIC,219,Isaacs,4007,Southvale (Isaacs),J,21872,2,"HOLMES, Lee",The Climate Sceptics,0
VIC,219,Isaacs,4007,Southvale (Isaacs),K,22121,0,K Ticket Votes,Socialist Alliance,0
VIC,219,Isaacs,4007,Southvale (Isaacs),K,21108,1,"WINDISCH, Margarita",Socialist Alliance,0
VIC,219,Isaacs,4007,Southvale (Isaacs),K,21114,2,"FIREBRACE, Sharon",Socialist Alliance,0
VIC,219,Isaacs,4007,Southvale (Isaacs),K,21116,3,"GUY, Ron",Socialist Alliance,0
VIC,219,Isaacs,4007,Southvale (Isaacs),L,22116,0,L Ticket Votes,Citizens Electoral Council,0
VIC,219,Isaacs,4007,Southvale (Isaacs),L,20771,1,"MITCHELL, Doug",Citizens Electoral Council,0
VIC,219,Isaacs,4007,Southvale (Isaacs),L,20775,2,"ISHERWOOD, Katherine",Citizens Electoral Council,0
VIC,219,Isaacs,4007,Southvale (Isaacs),M,22135,0,M Ticket Votes,Building Australia,1
VIC,219,Isaacs,4007,Southvale (Isaacs),M,21982,1,"EVANS, Darren",Building Australia,0
VIC,219,Isaacs,4007,Southvale (Isaacs),M,21983,2,"WHITE, Sam",Building Australia,0
VIC,219,Isaacs,4007,Southvale (Isaacs),N,22127,0,N Ticket Votes,One Nation,5
VIC,219,Isaacs,4007,Southvale (Isaacs),N,21700,1,"TOWNSEND, Rosalyn",One Nation,0
VIC,219,Isaacs,4007,Southvale (Isaacs),N,21704,2,"TOWNSEND, Phillip",One Nation,0
VIC,219,Isaacs,4007,Southvale (Isaacs),O,22118,0,O Ticket Votes,Liberal/The Nationals,196
VIC,219,Isaacs,4007,Southvale (Isaacs),O,21950,1,"RONALDSON, Michael",Liberal,1
VIC,219,Isaacs,4007,Southvale (Isaacs),O,21952,2,"McKENZIE, Bridget",The Nationals,0
VIC,219,Isaacs,4007,Southvale (Isaacs),O,21954,3,"McGAURAN, Julian",Liberal,0
VIC,219,Isaacs,4007,Southvale (Isaacs),O,21956,4,"JENNISON, Susan",Liberal,0
VIC,219,Isaacs,4007,Southvale (Isaacs),P,22132,0,P Ticket Votes,Christian Democratic Party,7
VIC,219,Isaacs,4007,Southvale (Isaacs),P,21894,1,"JANSON, Vickie",Christian Democratic Party,1
VIC,219,Isaacs,4007,Southvale (Isaacs),P,21911,2,"EDDY-VEITZ, BEN",Christian Democratic Party,0
VIC,219,Isaacs,4007,Southvale (Isaacs),Q,22124,0,Q Ticket Votes,Australian Labor Party,604
VIC,219,Isaacs,4007,Southvale (Isaacs),Q,21330,1,"CARR, Kim John",Australian Labor Party,2
VIC,219,Isaacs,4007,Southvale (Isaacs),Q,21337,2,"CONROY, Stephen Michael",Australian Labor Party,0
VIC,219,Isaacs,4007,Southvale (Isaacs),Q,21344,3,"THOW, Antony",Australian Labor Party,1
VIC,219,Isaacs,4007,Southvale (Isaacs),Q,21347,4,"LEWIS, Marg",Australian Labor Party,0
VIC,219,Isaacs,4007,Southvale (Isaacs),Q,21358,5,"FREEMAN, Shelly",Australian Labor Party,1
VIC,219,Isaacs,4007,Southvale (Isaacs),R,22120,0,R Ticket Votes,Secular Party of Australia,2
VIC,219,Isaacs,4007,Southvale (Isaacs),R,20874,1,"PERKINS, John Leslie",Secular Party of Australia,0
VIC,219,Isaacs,4007,Southvale (Isaacs),R,20877,2,"SCEATS, Rosemary Elizabeth",Secular Party of Australia,0
VIC,219,Isaacs,4007,Southvale (Isaacs),S,22134,0,S Ticket Votes,Carers Alliance,2
VIC,219,Isaacs,4007,Southvale (Isaacs),S,21941,1,"MONTEAGLE, Christopher",Carers Alliance,0
VIC,219,Isaacs,4007,Southvale (Isaacs),S,21942,2,"PEACOCK, Wendy",Carers Alliance,0
VIC,219,Isaacs,4007,Southvale (Isaacs),T,22122,0,T Ticket Votes,Liberal Democrats (LDP),16
VIC,219,Isaacs,4007,Southvale (Isaacs),T,21251,1,"CURRIE, Ross",Liberal Democrats (LDP),1
VIC,219,Isaacs,4007,Southvale (Isaacs),T,21310,2,"KLASS, Graeme Michael",Liberal Democrats (LDP),0
VIC,219,Isaacs,4007,Southvale (Isaacs),U,22133,0,U Ticket Votes,,3
VIC,219,Isaacs,4007,Southvale (Isaacs),U,21913,1,"MAYNE, Stephen",,0
VIC,219,Isaacs,4007,Southvale (Isaacs),U,21914,2,"PICCININI, Paula",,0
VIC,219,Isaacs,4007,Southvale (Isaacs),UG,20887,1,"BEALE, Grant",Independent,0
VIC,219,Isaacs,4007,Southvale (Isaacs),UG,21428,2,"SHEA, Glenn",Independent,0
VIC,219,Isaacs,4007,Southvale (Isaacs),ZZ,0,99,INFORMAL,,102
VIC,219,Isaacs,4131,Aspendale,A,22119,0,A Ticket Votes,Socialist Equality Party,6
VIC,219,Isaacs,4131,Aspendale,A,20946,1,"O'CONNOR, Patrick",Socialist Equality Party,1
VIC,219,Isaacs,4131,Aspendale,A,20951,2,"VONGVIXAY, Keo",Socialist Equality Party,0
VIC,219,Isaacs,4131,Aspendale,B,22126,0,B Ticket Votes,,1
VIC,219,Isaacs,4131,Aspendale,B,21509,1,"TOSCANO, Joseph",,0
VIC,219,Isaacs,4131,Aspendale,B,21512,2,"WARFE, Jenny",,1
VIC,219,Isaacs,4131,Aspendale,B,21514,3,"SADAUSKAS, Andrew",,0
VIC,219,Isaacs,4131,Aspendale,C,22129,0,C Ticket Votes,Family First,36
VIC,219,Isaacs,4131,Aspendale,C,21716,1,"FIELDING, Steven",Family First,3
VIC,219,Isaacs,4131,Aspendale,C,21728,2,"PLUMRIDGE, Gary",Family First,0
VIC,219,Isaacs,4131,Aspendale,C,21732,3,"BOWN SEELEY, Ann Edith",Family First,0
VIC,219,Isaacs,4131,Aspendale,C,21735,4,"GOH, Yuli",Family First,0
VIC,219,Isaacs,4131,Aspendale,C,21737,5,"KHOO, Joyce",Family First,0
VIC,219,Isaacs,4131,Aspendale,D,22131,0,D Ticket Votes,Australian Greens,367
VIC,219,Isaacs,4131,Aspendale,D,21875,1,"DI NATALE, Richard",Australian Greens,22
VIC,219,Isaacs,4131,Aspendale,D,21877,2,"RICE, Janet",Australian Greens,2
VIC,219,Isaacs,4131,Aspendale,D,21878,3,"BUI, Nam",Australian Greens,1
VIC,219,Isaacs,4131,Aspendale,D,21883,4,"HARGRAVE, Jen",Australian Greens,0
VIC,219,Isaacs,4131,Aspendale,D,21885,5,"RIVENDELL, Julie",Australian Greens,0
VIC,219,Isaacs,4131,Aspendale,D,21887,6,"SHNOOKAL, Liezl",Australian Greens,0
VIC,219,Isaacs,4131,Aspendale,E,22123,0,E Ticket Votes,Senator On-Line,1
VIC,219,Isaacs,4131,Aspendale,E,21434,1,"SARGENT, Glenn R",Senator On-Line,0
VIC,219,Isaacs,4131,Aspendale,E,21437,2,"WARDLE, Emma Louise",Senator On-Line,0
VIC,219,Isaacs,4131,Aspendale,F,22136,0,F Ticket Votes,Democratic Labor Party (DLP) of Australia,45
VIC,219,Isaacs,4131,Aspendale,F,21985,1,"MADIGAN, John",Democratic Labor Party (DLP) of Australia,0
VIC,219,Isaacs,4131,Aspendale,F,21987,2,"GONSALVEZ, Geraldine",Democratic Labor Party (DLP) of Australia,0
VIC,219,Isaacs,4131,Aspendale,F,21989,3,"KAVANAGH, John",Democratic Labor Party (DLP) of Australia,0
VIC,219,Isaacs,4131,Aspendale,G,22128,0,G Ticket Votes,Australian Democrats,8
VIC,219,Isaacs,4131,Aspendale,G,21708,1,"HOWE, Roger",Australian Democrats,1
VIC,219,Isaacs,4131,Aspendale,G,21711,2,"WESTGARTH, Rick",Australian Democrats,0
VIC,219,Isaacs,4131,Aspendale,H,22125,0,H Ticket Votes,Shooters and Fishers,13
VIC,219,Isaacs,4131,Aspendale,H,21443,1,"KELLY, Peter Maxwell",Shooters and Fishers,1
VIC,219,Isaacs,4131,Aspendale,H,21445,2,"KRSTIC, Alex",Shooters and Fishers,0
VIC,219,Isaacs,4131,Aspendale,I,22117,0,I Ticket Votes,Australian Sex Party,45
VIC,219,Isaacs,4131,Aspendale,I,20835,1,"PATTEN, Fiona",Australian Sex Party,0
VIC,219,Isaacs,4131,Aspendale,I,20836,2,"WILSON, Emma",Australian Sex Party,0
VIC,219,Isaacs,4131,Aspendale,I,20837,3,"BLAKEY, Katie",Australian Sex Party,1
VIC,219,Isaacs,4131,Aspendale,J,22130,0,J Ticket Votes,The Climate Sceptics,2
VIC,219,Isaacs,4131,Aspendale,J,21869,1,"DAWSON, Chris",The Climate Sceptics,1
VIC,219,Isaacs,4131,Aspendale,J,21872,2,"HOLMES, Lee",The Climate Sceptics,0
VIC,219,Isaacs,4131,Aspendale,K,22121,0,K Ticket Votes,Socialist Alliance,1
VIC,219,Isaacs,4131,Aspendale,K,21108,1,"WINDISCH, Margarita",Socialist Alliance,0
VIC,219,Isaacs,4131,Aspendale,K,21114,2,"FIREBRACE, Sharon",Socialist Alliance,0
VIC,219,Isaacs,4131,Aspendale,K,21116,3,"GUY, Ron",Socialist Alliance,0
VIC,219,Isaacs,4131,Aspendale,L,22116,0,L Ticket Votes,Citizens Electoral Council,1
VIC,219,Isaacs,4131,Aspendale,L,20771,1,"MITCHELL, Doug",Citizens Electoral Council,0
VIC,219,Isaacs,4131,Aspendale,L,20775,2,"ISHERWOOD, Katherine",Citizens Electoral Council,0
VIC,219,Isaacs,4131,Aspendale,M,22135,0,M Ticket Votes,Building Australia,2
VIC,219,Isaacs,4131,Aspendale,M,21982,1,"EVANS, Darren",Building Australia,0
VIC,219,Isaacs,4131,Aspendale,M,21983,2,"WHITE, Sam",Building Australia,0
VIC,219,Isaacs,4131,Aspendale,N,22127,0,N Ticket Votes,One Nation,12
VIC,219,Isaacs,4131,Aspendale,N,21700,1,"TOWNSEND, Rosalyn",One Nation,1
VIC,219,Isaacs,4131,Aspendale,N,21704,2,"TOWNSEND, Phillip",One Nation,0
VIC,219,Isaacs,4131,Aspendale,O,22118,0,O Ticket Votes,Liberal/The Nationals,1047
VIC,219,Isaacs,4131,Aspendale,O,21950,1,"RONALDSON, Michael",Liberal,13
VIC,219,Isaacs,4131,Aspendale,O,21952,2,"McKENZIE, Bridget",The Nationals,1
VIC,219,Isaacs,4131,Aspendale,O,21954,3,"McGAURAN, Julian",Liberal,0
VIC,219,Isaacs,4131,Aspendale,O,21956,4,"JENNISON, Susan",Liberal,0
VIC,219,Isaacs,4131,Aspendale,P,22132,0,P Ticket Votes,Christian Democratic Party,9
VIC,219,Isaacs,4131,Aspendale,P,21894,1,"JANSON, Vickie",Christian Democratic Party,0
VIC,219,Isaacs,4131,Aspendale,P,21911,2,"EDDY-VEITZ, BEN",Christian Democratic Party,0
VIC,219,Isaacs,4131,Aspendale,Q,22124,0,Q Ticket Votes,Australian Labor Party,1001
VIC,219,Isaacs,4131,Aspendale,Q,21330,1,"CARR, Kim John",Australian Labor Party,9
VIC,219,Isaacs,4131,Aspendale,Q,21337,2,"CONROY, Stephen Michael",Australian Labor Party,1
VIC,219,Isaacs,4131,Aspendale,Q,21344,3,"THOW, Antony",Australian Labor Party,1
VIC,219,Isaacs,4131,Aspendale,Q,21347,4,"LEWIS, Marg",Australian Labor Party,1
VIC,219,Isaacs,4131,Aspendale,Q,21358,5,"FREEMAN, Shelly",Australian Labor Party,3
VIC,219,Isaacs,4131,Aspendale,R,22120,0,R Ticket Votes,Secular Party of Australia,3
VIC,219,Isaacs,4131,Aspendale,R,20874,1,"PERKINS, John Leslie",Secular Party of Australia,1
VIC,219,Isaacs,4131,Aspendale,R,20877,2,"SCEATS, Rosemary Elizabeth",Secular Party of Australia,0
VIC,219,Isaacs,4131,Aspendale,S,22134,0,S Ticket Votes,Carers Alliance,8
VIC,219,Isaacs,4131,Aspendale,S,21941,1,"MONTEAGLE, Christopher",Carers Alliance,0
VIC,219,Isaacs,4131,Aspendale,S,21942,2,"PEACOCK, Wendy",Carers Alliance,0
VIC,219,Isaacs,4131,Aspendale,T,22122,0,T Ticket Votes,Liberal Democrats (LDP),23
VIC,219,Isaacs,4131,Aspendale,T,21251,1,"CURRIE, Ross",Liberal Democrats (LDP),3
VIC,219,Isaacs,4131,Aspendale,T,21310,2,"KLASS, Graeme Michael",Liberal Democrats (LDP),0
VIC,219,Isaacs,4131,Aspendale,U,22133,0,U Ticket Votes,,3
VIC,219,Isaacs,4131,Aspendale,U,21913,1,"MAYNE, Stephen",,1
VIC,219,Isaacs,4131,Aspendale,U,21914,2,"PICCININI, Paula",,0
VIC,219,Isaacs,4131,Aspendale,UG,20887,1,"BEALE, Grant",Independent,0
VIC,219,Isaacs,4131,Aspendale,UG,21428,2,"SHEA, Glenn",Independent,0
VIC,219,Isaacs,4131,Aspendale,ZZ,0,99,INFORMAL,,95
VIC,219,Isaacs,4132,Aspendale North,A,22119,0,A Ticket Votes,Socialist Equality Party,0
VIC,219,Isaacs,4132,Aspendale North,A,20946,1,"O'CONNOR, Patrick",Socialist Equality Party,1
VIC,219,Isaacs,4132,Aspendale North,A,20951,2,"VONGVIXAY, Keo",Socialist Equality Party,0
VIC,219,Isaacs,4132,Aspendale North,B,22126,0,B Ticket Votes,,2
VIC,219,Isaacs,4132,Aspendale North,B,21509,1,"TOSCANO, Joseph",,0
VIC,219,Isaacs,4132,Aspendale North,B,21512,2,"WARFE, Jenny",,0
VIC,219,Isaacs,4132,Aspendale North,B,21514,3,"SADAUSKAS, Andrew",,1
VIC,219,Isaacs,4132,Aspendale North,C,22129,0,C Ticket Votes,Family First,9
VIC,219,Isaacs,4132,Aspendale North,C,21716,1,"FIELDING, Steven",Family First,0
VIC,219,Isaacs,4132,Aspendale North,C,21728,2,"PLUMRIDGE, Gary",Family First,0
VIC,219,Isaacs,4132,Aspendale North,C,21732,3,"BOWN SEELEY, Ann Edith",Family First,0
VIC,219,Isaacs,4132,Aspendale North,C,21735,4,"GOH, Yuli",Family First,0
VIC,219,Isaacs,4132,Aspendale North,C,21737,5,"KHOO, Joyce",Family First,0
VIC,219,Isaacs,4132,Aspendale North,D,22131,0,D Ticket Votes,Australian Greens,101
VIC,219,Isaacs,4132,Aspendale North,D,21875,1,"DI NATALE, Richard",Australian Greens,6
VIC,219,Isaacs,4132,Aspendale North,D,21877,2,"RICE, Janet",Australian Greens,0
VIC,219,Isaacs,4132,Aspendale North,D,21878,3,"BUI, Nam",Australian Greens,0
VIC,219,Isaacs,4132,Aspendale North,D,21883,4,"HARGRAVE, Jen",Australian Greens,0
VIC,219,Isaacs,4132,Aspendale North,D,21885,5,"RIVENDELL, Julie",Australian Greens,0
VIC,219,Isaacs,4132,Aspendale North,D,21887,6,"SHNOOKAL, Liezl",Australian Greens,0
VIC,219,Isaacs,4132,Aspendale North,E,22123,0,E Ticket Votes,Senator On-Line,0
VIC,219,Isaacs,4132,Aspendale North,E,21434,1,"SARGENT, Glenn R",Senator On-Line,0
VIC,219,Isaacs,4132,Aspendale North,E,21437,2,"WARDLE, Emma Louise",Senator On-Line,0
VIC,219,Isaacs,4132,Aspendale North,F,22136,0,F Ticket Votes,Democratic Labor Party (DLP) of Australia,16
VIC,219,Isaacs,4132,Aspendale North,F,21985,1,"MADIGAN, John",Democratic Labor Party (DLP) of Australia,0
VIC,219,Isaacs,4132,Aspendale North,F,21987,2,"GONSALVEZ, Geraldine",Democratic Labor Party (DLP) of Australia,0
VIC,219,Isaacs,4132,Aspendale North,F,21989,3,"KAVANAGH, John",Democratic Labor Party (DLP) of Australia,0
VIC,219,Isaacs,4132,Aspendale North,G,22128,0,G Ticket Votes,Australian Democrats,6
VIC,219,Isaacs,4132,Aspendale North,G,21708,1,"HOWE, Roger",Australian Democrats,0
VIC,219,Isaacs,4132,Aspendale North,G,21711,2,"WESTGARTH, Rick",Australian Democrats,0
VIC,219,Isaacs,4132,Aspendale North,H,22125,0,H Ticket Votes,Shooters and Fishers,5
VIC,219,Isaacs,4132,Aspendale North,H,21443,1,"KELLY, Peter Maxwell",Shooters and Fishers,1
VIC,219,Isaacs,4132,Aspendale North,H,21445,2,"KRSTIC, Alex",Shooters and Fishers,0
VIC,219,Isaacs,4132,Aspendale North,I,22117,0,I Ticket Votes,Australian Sex Party,13
VIC,219,Isaacs,4132,Aspendale North,I,20835,1,"PATTEN, Fiona",Australian Sex Party,4
VIC,219,Isaacs,4132,Aspendale North,I,20836,2,"WILSON, Emma",Australian Sex Party,0
VIC,219,Isaacs,4132,Aspendale North,I,20837,3,"BLAKEY, Katie",Australian Sex Party,0
VIC,219,Isaacs,4132,Aspendale North,J,22130,0,J Ticket Votes,The Climate Sceptics,1
VIC,219,Isaacs,4132,Aspendale North,J,21869,1,"DAWSON, Chris",The Climate Sceptics,1
VIC,219,Isaacs,4132,Aspendale North,J,21872,2,"HOLMES, Lee",The Climate Sceptics,0
VIC,219,Isaacs,4132,Aspendale North,K,22121,0,K Ticket Votes,Socialist Alliance,0
VIC,219,Isaacs,4132,Aspendale North,K,21108,1,"WINDISCH, Margarita",Socialist Alliance,0
VIC,219,Isaacs,4132,Aspendale North,K,21114,2,"FIREBRACE, Sharon",Socialist Alliance,0
VIC,219,Isaacs,4132,Aspendale North,K,21116,3,"GUY, Ron",Socialist Alliance,0
VIC,219,Isaacs,4132,Aspendale North,L,22116,0,L Ticket Votes,Citizens Electoral Council,0
VIC,219,Isaacs,4132,Aspendale North,L,20771,1,"MITCHELL, Doug",Citizens Electoral Council,0
VIC,219,Isaacs,4132,Aspendale North,L,20775,2,"ISHERWOOD, Katherine",Citizens Electoral Council,0
VIC,219,Isaacs,4132,Aspendale North,M,22135,0,M Ticket Votes,Building Australia,0
VIC,219,Isaacs,4132,Aspendale North,M,21982,1,"EVANS, Darren",Building Australia,0
VIC,219,Isaacs,4132,Aspendale North,M,21983,2,"WHITE, Sam",Building Australia,0
VIC,219,Isaacs,4132,Aspendale North,N,22127,0,N Ticket Votes,One Nation,3
VIC,219,Isaacs,4132,Aspendale North,N,21700,1,"TOWNSEND, Rosalyn",One Nation,1
VIC,219,Isaacs,4132,Aspendale North,N,21704,2,"TOWNSEND, Phillip",One Nation,0
VIC,219,Isaacs,4132,Aspendale North,O,22118,0,O Ticket Votes,Liberal/The Nationals,239
VIC,219,Isaacs,4132,Aspendale North,O,21950,1,"RONALDSON, Michael",Liberal,3
VIC,219,Isaacs,4132,Aspendale North,O,21952,2,"McKENZIE, Bridget",The Nationals,0
VIC,219,Isaacs,4132,Aspendale North,O,21954,3,"McGAURAN, Julian",Liberal,0
VIC,219,Isaacs,4132,Aspendale North,O,21956,4,"JENNISON, Susan",Liberal,1
VIC,219,Isaacs,4132,Aspendale North,P,22132,0,P Ticket Votes,Christian Democratic Party,1
VIC,219,Isaacs,4132,Aspendale North,P,21894,1,"JANSON, Vickie",Christian Democratic Party,0
VIC,219,Isaacs,4132,Aspendale North,P,21911,2,"EDDY-VEITZ, BEN",Christian Democratic Party,0
VIC,219,Isaacs,4132,Aspendale North,Q,22124,0,Q Ticket Votes,Australian Labor Party,205
VIC,219,Isaacs,4132,Aspendale North,Q,21330,1,"CARR, Kim John",Australian Labor Party,2
VIC,219,Isaacs,4132,Aspendale North,Q,21337,2,"CONROY, Stephen Michael",Australian Labor Party,0
VIC,219,Isaacs,4132,Aspendale North,Q,21344,3,"THOW, Antony",Australian Labor Party,0
VIC,219,Isaacs,4132,Aspendale North,Q,21347,4,"LEWIS, Marg",Australian Labor Party,1
VIC,219,Isaacs,4132,Aspendale North,Q,21358,5,"FREEMAN, Shelly",Australian Labor Party,0
VIC,219,Isaacs,4132,Aspendale North,R,22120,0,R Ticket Votes,Secular Party of Australia,1
VIC,219,Isaacs,4132,Aspendale North,R,20874,1,"PERKINS, John Leslie",Secular Party of Australia,0
VIC,219,Isaacs,4132,Aspendale North,R,20877,2,"SCEATS, Rosemary Elizabeth",Secular Party of Australia,0
VIC,219,Isaacs,4132,Aspendale North,S,22134,0,S Ticket Votes,Carers Alliance,1
VIC,219,Isaacs,4132,Aspendale North,S,21941,1,"MONTEAGLE, Christopher",Carers Alliance,0
VIC,219,Isaacs,4132,Aspendale North,S,21942,2,"PEACOCK, Wendy",Carers Alliance,0
VIC,219,Isaacs,4132,Aspendale North,T,22122,0,T Ticket Votes,Liberal Democrats (LDP),11
VIC,219,Isaacs,4132,Aspendale North,T,21251,1,"CURRIE, Ross",Liberal Democrats (LDP),0
VIC,219,Isaacs,4132,Aspendale North,T,21310,2,"KLASS, Graeme Michael",Liberal Democrats (LDP),0
VIC,219,Isaacs,4132,Aspendale North,U,22133,0,U Ticket Votes,,0
VIC,219,Isaacs,4132,Aspendale North,U,21913,1,"MAYNE, Stephen",,0
VIC,219,Isaacs,4132,Aspendale North,U,21914,2,"PICCININI, Paula",,0
VIC,219,Isaacs,4132,Aspendale North,UG,20887,1,"BEALE, Grant",Independent,1
VIC,219,Isaacs,4132,Aspendale North,UG,21428,2,"SHEA, Glenn",Independent,0
VIC,219,Isaacs,4132,Aspendale North,ZZ,0,99,INFORMAL,,13
VIC,219,Isaacs,4135,Beaumaris East (Isaacs),A,22119,0,A Ticket Votes,Socialist Equality Party,1
VIC,219,Isaacs,4135,Beaumaris East (Isaacs),A,20946,1,"O'CONNOR, Patrick",Socialist Equality Party,1
VIC,219,Isaacs,4135,Beaumaris East (Isaacs),A,20951,2,"VONGVIXAY, Keo",Socialist Equality Party,0
VIC,219,Isaacs,4135,Beaumaris East (Isaacs),B,22126,0,B Ticket Votes,,0
VIC,219,Isaacs,4135,Beaumaris East (Isaacs),B,21509,1,"TOSCANO, Joseph",,0
VIC,219,Isaacs,4135,Beaumaris East (Isaacs),B,21512,2,"WARFE, Jenny",,0
VIC,219,Isaacs,4135,Beaumaris East (Isaacs),B,21514,3,"SADAUSKAS, Andrew",,0
VIC,219,Isaacs,4135,Beaumaris East (Isaacs),C,22129,0,C Ticket Votes,Family First,12
VIC,219,Isaacs,4135,Beaumaris East (Isaacs),C,21716,1,"FIELDING, Steven",Family First,3
VIC,219,Isaacs,4135,Beaumaris East (Isaacs),C,21728,2,"PLUMRIDGE, Gary",Family First,0
VIC,219,Isaacs,4135,Beaumaris East (Isaacs),C,21732,3,"BOWN SEELEY, Ann Edith",Family First,0
VIC,219,Isaacs,4135,Beaumaris East (Isaacs),C,21735,4,"GOH, Yuli",Family First,0
VIC,219,Isaacs,4135,Beaumaris East (Isaacs),C,21737,5,"KHOO, Joyce",Family First,0
VIC,219,Isaacs,4135,Beaumaris East (Isaacs),D,22131,0,D Ticket Votes,Australian Greens,361
VIC,219,Isaacs,4135,Beaumaris East (Isaacs),D,21875,1,"DI NATALE, Richard",Australian Greens,38
VIC,219,Isaacs,4135,Beaumaris East (Isaacs),D,21877,2,"RICE, Janet",Australian Greens,3
VIC,219,Isaacs,4135,Beaumaris East (Isaacs),D,21878,3,"BUI, Nam",Australian Greens,1
VIC,219,Isaacs,4135,Beaumaris East (Isaacs),D,21883,4,"HARGRAVE, Jen",Australian Greens,0
VIC,219,Isaacs,4135,Beaumaris East (Isaacs),D,21885,5,"RIVENDELL, Julie",Australian Greens,0
VIC,219,Isaacs,4135,Beaumaris East (Isaacs),D,21887,6,"SHNOOKAL, Liezl",Australian Greens,1
VIC,219,Isaacs,4135,Beaumaris East (Isaacs),E,22123,0,E Ticket Votes,Senator On-Line,0
VIC,219,Isaacs,4135,Beaumaris East (Isaacs),E,21434,1,"SARGENT, Glenn R",Senator On-Line,1
VIC,219,Isaacs,4135,Beaumaris East (Isaacs),E,21437,2,"WARDLE, Emma Louise",Senator On-Line,0
VIC,219,Isaacs,4135,Beaumaris East (Isaacs),F,22136,0,F Ticket Votes,Democratic Labor Party (DLP) of Australia,23
VIC,219,Isaacs,4135,Beaumaris East (Isaacs),F,21985,1,"MADIGAN, John",Democratic Labor Party (DLP) of Australia,0
VIC,219,Isaacs,4135,Beaumaris East (Isaacs),F,21987,2,"GONSALVEZ, Geraldine",Democratic Labor Party (DLP) of Australia,0
VIC,219,Isaacs,4135,Beaumaris East (Isaacs),F,21989,3,"KAVANAGH, John",Democratic Labor Party (DLP) of Australia,0
VIC,219,Isaacs,4135,Beaumaris East (Isaacs),G,22128,0,G Ticket Votes,Australian Democrats,13
VIC,219,Isaacs,4135,Beaumaris East (Isaacs),G,21708,1,"HOWE, Roger",Australian Democrats,1
VIC,219,Isaacs,4135,Beaumaris East (Isaacs),G,21711,2,"WESTGARTH, Rick",Australian Democrats,0
VIC,219,Isaacs,4135,Beaumaris East (Isaacs),H,22125,0,H Ticket Votes,Shooters and Fishers,12
VIC,219,Isaacs,4135,Beaumaris East (Isaacs),H,21443,1,"KELLY, Peter Maxwell",Shooters and Fishers,0
VIC,219,Isaacs,4135,Beaumaris East (Isaacs),H,21445,2,"KRSTIC, Alex",Shooters and Fishers,0
VIC,219,Isaacs,4135,Beaumaris East (Isaacs),I,22117,0,I Ticket Votes,Australian Sex Party,31
VIC,219,Isaacs,4135,Beaumaris East (Isaacs),I,20835,1,"PATTEN, Fiona",Australian Sex Party,2
VIC,219,Isaacs,4135,Beaumaris East (Isaacs),I,20836,2,"WILSON, Emma",Australian Sex Party,0
VIC,219,Isaacs,4135,Beaumaris East (Isaacs),I,20837,3,"BLAKEY, Katie",Australian Sex Party,1
VIC,219,Isaacs,4135,Beaumaris East (Isaacs),J,22130,0,J Ticket Votes,The Climate Sceptics,4
VIC,219,Isaacs,4135,Beaumaris East (Isaacs),J,21869,1,"DAWSON, Chris",The Climate Sceptics,0
VIC,219,Isaacs,4135,Beaumaris East (Isaacs),J,21872,2,"HOLMES, Lee",The Climate Sceptics,0
VIC,219,Isaacs,4135,Beaumaris East (Isaacs),K,22121,0,K Ticket Votes,Socialist Alliance,1
VIC,219,Isaacs,4135,Beaumaris East (Isaacs),K,21108,1,"WINDISCH, Margarita",Socialist Alliance,0
VIC,219,Isaacs,4135,Beaumaris East (Isaacs),K,21114,2,"FIREBRACE, Sharon",Socialist Alliance,0
VIC,219,Isaacs,4135,Beaumaris East (Isaacs),K,21116,3,"GUY, Ron",Socialist Alliance,0
VIC,219,Isaacs,4135,Beaumaris East (Isaacs),L,22116,0,L Ticket Votes,Citizens Electoral Council,0
VIC,219,Isaacs,4135,Beaumaris East (Isaacs),L,20771,1,"MITCHELL, Doug",Citizens Electoral Council,0
VIC,219,Isaacs,4135,Beaumaris East (Isaacs),L,20775,2,"ISHERWOOD, Katherine",Citizens Electoral Council,0
VIC,219,Isaacs,4135,Beaumaris East (Isaacs),M,22135,0,M Ticket Votes,Building Australia,2
VIC,219,Isaacs,4135,Beaumaris East (Isaacs),M,21982,1,"EVANS, Darren",Building Australia,0
VIC,219,Isaacs,4135,Beaumaris East (Isaacs),M,21983,2,"WHITE, Sam",Building Australia,0
VIC,219,Isaacs,4135,Beaumaris East (Isaacs),N,22127,0,N Ticket Votes,One Nation,2
VIC,219,Isaacs,4135,Beaumaris East (Isaacs),N,21700,1,"TOWNSEND, Rosalyn",One Nation,1
VIC,219,Isaacs,4135,Beaumaris East (Isaacs),N,21704,2,"TOWNSEND, Phillip",One Nation,0
VIC,219,Isaacs,4135,Beaumaris East (Isaacs),O,22118,0,O Ticket Votes,Liberal/The Nationals,938
VIC,219,Isaacs,4135,Beaumaris East (Isaacs),O,21950,1,"RONALDSON, Michael",Liberal,10
VIC,219,Isaacs,4135,Beaumaris East (Isaacs),O,21952,2,"McKENZIE, Bridget",The Nationals,0
VIC,219,Isaacs,4135,Beaumaris East (Isaacs),O,21954,3,"McGAURAN, Julian",Liberal,2
VIC,219,Isaacs,4135,Beaumaris East (Isaacs),O,21956,4,"JENNISON, Susan",Liberal,0
VIC,219,Isaacs,4135,Beaumaris East (Isaacs),P,22132,0,P Ticket Votes,Christian Democratic Party,7
VIC,219,Isaacs,4135,Beaumaris East (Isaacs),P,21894,1,"JANSON, Vickie",Christian Democratic Party,1
VIC,219,Isaacs,4135,Beaumaris East (Isaacs),P,21911,2,"EDDY-VEITZ, BEN",Christian Democratic Party,0
VIC,219,Isaacs,4135,Beaumaris East (Isaacs),Q,22124,0,Q Ticket Votes,Australian Labor Party,719
VIC,219,Isaacs,4135,Beaumaris East (Isaacs),Q,21330,1,"CARR, Kim John",Australian Labor Party,10
VIC,219,Isaacs,4135,Beaumaris East (Isaacs),Q,21337,2,"CONROY, Stephen Michael",Australian Labor Party,2
VIC,219,Isaacs,4135,Beaumaris East (Isaacs),Q,21344,3,"THOW, Antony",Australian Labor Party,0
VIC,219,Isaacs,4135,Beaumaris East (Isaacs),Q,21347,4,"LEWIS, Marg",Australian Labor Party,0
VIC,219,Isaacs,4135,Beaumaris East (Isaacs),Q,21358,5,"FREEMAN, Shelly",Australian Labor Party,1
VIC,219,Isaacs,4135,Beaumaris East (Isaacs),R,22120,0,R Ticket Votes,Secular Party of Australia,1
VIC,219,Isaacs,4135,Beaumaris East (Isaacs),R,20874,1,"PERKINS, John Leslie",Secular Party of Australia,0
VIC,219,Isaacs,4135,Beaumaris East (Isaacs),R,20877,2,"SCEATS, Rosemary Elizabeth",Secular Party of Australia,0
VIC,219,Isaacs,4135,Beaumaris East (Isaacs),S,22134,0,S Ticket Votes,Carers Alliance,4
VIC,219,Isaacs,4135,Beaumaris East (Isaacs),S,21941,1,"MONTEAGLE, Christopher",Carers Alliance,1
VIC,219,Isaacs,4135,Beaumaris East (Isaacs),S,21942,2,"PEACOCK, Wendy",Carers Alliance,0
VIC,219,Isaacs,4135,Beaumaris East (Isaacs),T,22122,0,T Ticket Votes,Liberal Democrats (LDP),25
VIC,219,Isaacs,4135,Beaumaris East (Isaacs),T,21251,1,"CURRIE, Ross",Liberal Democrats (LDP),0
VIC,219,Isaacs,4135,Beaumaris East (Isaacs),T,21310,2,"KLASS, Graeme Michael",Liberal Democrats (LDP),0
VIC,219,Isaacs,4135,Beaumaris East (Isaacs),U,22133,0,U Ticket Votes,,1
VIC,219,Isaacs,4135,Beaumaris East (Isaacs),U,21913,1,"MAYNE, Stephen",,1
VIC,219,Isaacs,4135,Beaumaris East (Isaacs),U,21914,2,"PICCININI, Paula",,0
VIC,219,Isaacs,4135,Beaumaris East (Isaacs),UG,20887,1,"BEALE, Grant",Independent,0
VIC,219,Isaacs,4135,Beaumaris East (Isaacs),UG,21428,2,"SHEA, Glenn",Independent,0
VIC,219,Isaacs,4135,Beaumaris East (Isaacs),ZZ,0,99,INFORMAL,,85
VIC,219,Isaacs,4140,Bonbeach,A,22119,0,A Ticket Votes,Socialist Equality Party,3
VIC,219,Isaacs,4140,Bonbeach,A,20946,1,"O'CONNOR, Patrick",Socialist Equality Party,0
VIC,219,Isaacs,4140,Bonbeach,A,20951,2,"VONGVIXAY, Keo",Socialist Equality Party,0
VIC,219,Isaacs,4140,Bonbeach,B,22126,0,B Ticket Votes,,2
VIC,219,Isaacs,4140,Bonbeach,B,21509,1,"TOSCANO, Joseph",,0
VIC,219,Isaacs,4140,Bonbeach,B,21512,2,"WARFE, Jenny",,0
VIC,219,Isaacs,4140,Bonbeach,B,21514,3,"SADAUSKAS, Andrew",,0
VIC,219,Isaacs,4140,Bonbeach,C,22129,0,C Ticket Votes,Family First,17
VIC,219,Isaacs,4140,Bonbeach,C,21716,1,"FIELDING, Steven",Family First,3
VIC,219,Isaacs,4140,Bonbeach,C,21728,2,"PLUMRIDGE, Gary",Family First,0
VIC,219,Isaacs,4140,Bonbeach,C,21732,3,"BOWN SEELEY, Ann Edith",Family First,0
VIC,219,Isaacs,4140,Bonbeach,C,21735,4,"GOH, Yuli",Family First,0
VIC,219,Isaacs,4140,Bonbeach,C,21737,5,"KHOO, Joyce",Family First,0
VIC,219,Isaacs,4140,Bonbeach,D,22131,0,D Ticket Votes,Australian Greens,207
VIC,219,Isaacs,4140,Bonbeach,D,21875,1,"DI NATALE, Richard",Australian Greens,13
VIC,219,Isaacs,4140,Bonbeach,D,21877,2,"RICE, Janet",Australian Greens,0
VIC,219,Isaacs,4140,Bonbeach,D,21878,3,"BUI, Nam",Australian Greens,1
VIC,219,Isaacs,4140,Bonbeach,D,21883,4,"HARGRAVE, Jen",Australian Greens,0
VIC,219,Isaacs,4140,Bonbeach,D,21885,5,"RIVENDELL, Julie",Australian Greens,0
VIC,219,Isaacs,4140,Bonbeach,D,21887,6,"SHNOOKAL, Liezl",Australian Greens,0
VIC,219,Isaacs,4140,Bonbeach,E,22123,0,E Ticket Votes,Senator On-Line,1
VIC,219,Isaacs,4140,Bonbeach,E,21434,1,"SARGENT, Glenn R",Senator On-Line,0
VIC,219,Isaacs,4140,Bonbeach,E,21437,2,"WARDLE, Emma Louise",Senator On-Line,0
VIC,219,Isaacs,4140,Bonbeach,F,22136,0,F Ticket Votes,Democratic Labor Party (DLP) of Australia,25
VIC,219,Isaacs,4140,Bonbeach,F,21985,1,"MADIGAN, John",Democratic Labor Party (DLP) of Australia,0
VIC,219,Isaacs,4140,Bonbeach,F,21987,2,"GONSALVEZ, Geraldine",Democratic Labor Party (DLP) of Australia,0
VIC,219,Isaacs,4140,Bonbeach,F,21989,3,"KAVANAGH, John",Democratic Labor Party (DLP) of Australia,0
VIC,219,Isaacs,4140,Bonbeach,G,22128,0,G Ticket Votes,Australian Democrats,4
VIC,219,Isaacs,4140,Bonbeach,G,21708,1,"HOWE, Roger",Australian Democrats,1
VIC,219,Isaacs,4140,Bonbeach,G,21711,2,"WESTGARTH, Rick",Australian Democrats,0
VIC,219,Isaacs,4140,Bonbeach,H,22125,0,H Ticket Votes,Shooters and Fishers,10
VIC,219,Isaacs,4140,Bonbeach,H,21443,1,"KELLY, Peter Maxwell",Shooters and Fishers,0
VIC,219,Isaacs,4140,Bonbeach,H,21445,2,"KRSTIC, Alex",Shooters and Fishers,0
VIC,219,Isaacs,4140,Bonbeach,I,22117,0,I Ticket Votes,Australian Sex Party,36
VIC,219,Isaacs,4140,Bonbeach,I,20835,1,"PATTEN, Fiona",Australian Sex Party,1
VIC,219,Isaacs,4140,Bonbeach,I,20836,2,"WILSON, Emma",Australian Sex Party,0
VIC,219,Isaacs,4140,Bonbeach,I,20837,3,"BLAKEY, Katie",Australian Sex Party,0
VIC,219,Isaacs,4140,Bonbeach,J,22130,0,J Ticket Votes,The Climate Sceptics,1
VIC,219,Isaacs,4140,Bonbeach,J,21869,1,"DAWSON, Chris",The Climate Sceptics,0
VIC,219,Isaacs,4140,Bonbeach,J,21872,2,"HOLMES, Lee",The Climate Sceptics,0
VIC,219,Isaacs,4140,Bonbeach,K,22121,0,K Ticket Votes,Socialist Alliance,0
VIC,219,Isaacs,4140,Bonbeach,K,21108,1,"WINDISCH, Margarita",Socialist Alliance,0
VIC,219,Isaacs,4140,Bonbeach,K,21114,2,"FIREBRACE, Sharon",Socialist Alliance,0
VIC,219,Isaacs,4140,Bonbeach,K,21116,3,"GUY, Ron",Socialist Alliance,0
VIC,219,Isaacs,4140,Bonbeach,L,22116,0,L Ticket Votes,Citizens Electoral Council,0
VIC,219,Isaacs,4140,Bonbeach,L,20771,1,"MITCHELL, Doug",Citizens Electoral Council,0
VIC,219,Isaacs,4140,Bonbeach,L,20775,2,"ISHERWOOD, Katherine",Citizens Electoral Council,0
VIC,219,Isaacs,4140,Bonbeach,M,22135,0,M Ticket Votes,Building Australia,3
VIC,219,Isaacs,4140,Bonbeach,M,21982,1,"EVANS, Darren",Building Australia,0
VIC,219,Isaacs,4140,Bonbeach,M,21983,2,"WHITE, Sam",Building Australia,0
VIC,219,Isaacs,4140,Bonbeach,N,22127,0,N Ticket Votes,One Nation,6
VIC,219,Isaacs,4140,Bonbeach,N,21700,1,"TOWNSEND, Rosalyn",One Nation,1
VIC,219,Isaacs,4140,Bonbeach,N,21704,2,"TOWNSEND, Phillip",One Nation,0
VIC,219,Isaacs,4140,Bonbeach,O,22118,0,O Ticket Votes,Liberal/The Nationals,493
VIC,219,Isaacs,4140,Bonbeach,O,21950,1,"RONALDSON, Michael",Liberal,4
VIC,219,Isaacs,4140,Bonbeach,O,21952,2,"McKENZIE, Bridget",The Nationals,0
VIC,219,Isaacs,4140,Bonbeach,O,21954,3,"McGAURAN, Julian",Liberal,2
VIC,219,Isaacs,4140,Bonbeach,O,21956,4,"JENNISON, Susan",Liberal,1
VIC,219,Isaacs,4140,Bonbeach,P,22132,0,P Ticket Votes,Christian Democratic Party,3
VIC,219,Isaacs,4140,Bonbeach,P,21894,1,"JANSON, Vickie",Christian Democratic Party,1
VIC,219,Isaacs,4140,Bonbeach,P,21911,2,"EDDY-VEITZ, BEN",Christian Democratic Party,0
VIC,219,Isaacs,4140,Bonbeach,Q,22124,0,Q Ticket Votes,Australian Labor Party,591
VIC,219,Isaacs,4140,Bonbeach,Q,21330,1,"CARR, Kim John",Australian Labor Party,5
VIC,219,Isaacs,4140,Bonbeach,Q,21337,2,"CONROY, Stephen Michael",Australian Labor Party,0
VIC,219,Isaacs,4140,Bonbeach,Q,21344,3,"THOW, Antony",Australian Labor Party,0
VIC,219,Isaacs,4140,Bonbeach,Q,21347,4,"LEWIS, Marg",Australian Labor Party,0
VIC,219,Isaacs,4140,Bonbeach,Q,21358,5,"FREEMAN, Shelly",Australian Labor Party,1
VIC,219,Isaacs,4140,Bonbeach,R,22120,0,R Ticket Votes,Secular Party of Australia,2
VIC,219,Isaacs,4140,Bonbeach,R,20874,1,"PERKINS, John Leslie",Secular Party of Australia,1
VIC,219,Isaacs,4140,Bonbeach,R,20877,2,"SCEATS, Rosemary Elizabeth",Secular Party of Australia,0
VIC,219,Isaacs,4140,Bonbeach,S,22134,0,S Ticket Votes,Carers Alliance,7
VIC,219,Isaacs,4140,Bonbeach,S,21941,1,"MONTEAGLE, Christopher",Carers Alliance,0
VIC,219,Isaacs,4140,Bonbeach,S,21942,2,"PEACOCK, Wendy",Carers Alliance,0
VIC,219,Isaacs,4140,Bonbeach,T,22122,0,T Ticket Votes,Liberal Democrats (LDP),19
VIC,219,Isaacs,4140,Bonbeach,T,21251,1,"CURRIE, Ross",Liberal Democrats (LDP),0
VIC,219,Isaacs,4140,Bonbeach,T,21310,2,"KLASS, Graeme Michael",Liberal Democrats (LDP),0
VIC,219,Isaacs,4140,Bonbeach,U,22133,0,U Ticket Votes,,1
VIC,219,Isaacs,4140,Bonbeach,U,21913,1,"MAYNE, Stephen",,2
VIC,219,Isaacs,4140,Bonbeach,U,21914,2,"PICCININI, Paula",,1
VIC,219,Isaacs,4140,Bonbeach,UG,20887,1,"BEALE, Grant",Independent,0
VIC,219,Isaacs,4140,Bonbeach,UG,21428,2,"SHEA, Glenn",Independent,0
VIC,219,Isaacs,4140,Bonbeach,ZZ,0,99,INFORMAL,,49
VIC,219,Isaacs,4141,Carrum,A,22119,0,A Ticket Votes,Socialist Equality Party,3
VIC,219,Isaacs,4141,Carrum,A,20946,1,"O'CONNOR, Patrick",Socialist Equality Party,1
VIC,219,Isaacs,4141,Carrum,A,20951,2,"VONGVIXAY, Keo",Socialist Equality Party,0
VIC,219,Isaacs,4141,Carrum,B,22126,0,B Ticket Votes,,2
VIC,219,Isaacs,4141,Carrum,B,21509,1,"TOSCANO, Joseph",,1
VIC,219,Isaacs,4141,Carrum,B,21512,2,"WARFE, Jenny",,0
VIC,219,Isaacs,4141,Carrum,B,21514,3,"SADAUSKAS, Andrew",,0
VIC,219,Isaacs,4141,Carrum,C,22129,0,C Ticket Votes,Family First,24
VIC,219,Isaacs,4141,Carrum,C,21716,1,"FIELDING, Steven",Family First,0
VIC,219,Isaacs,4141,Carrum,C,21728,2,"PLUMRIDGE, Gary",Family First,0
VIC,219,Isaacs,4141,Carrum,C,21732,3,"BOWN SEELEY, Ann Edith",Family First,0
VIC,219,Isaacs,4141,Carrum,C,21735,4,"GOH, Yuli",Family First,0
VIC,219,Isaacs,4141,Carrum,C,21737,5,"KHOO, Joyce",Family First,0
VIC,219,Isaacs,4141,Carrum,D,22131,0,D Ticket Votes,Australian Greens,258
VIC,219,Isaacs,4141,Carrum,D,21875,1,"DI NATALE, Richard",Australian Greens,17
VIC,219,Isaacs,4141,Carrum,D,21877,2,"RICE, Janet",Australian Greens,2
VIC,219,Isaacs,4141,Carrum,D,21878,3,"BUI, Nam",Australian Greens,1
VIC,219,Isaacs,4141,Carrum,D,21883,4,"HARGRAVE, Jen",Australian Greens,1
VIC,219,Isaacs,4141,Carrum,D,21885,5,"RIVENDELL, Julie",Australian Greens,0
VIC,219,Isaacs,4141,Carrum,D,21887,6,"SHNOOKAL, Liezl",Australian Greens,1
VIC,219,Isaacs,4141,Carrum,E,22123,0,E Ticket Votes,Senator On-Line,3
VIC,219,Isaacs,4141,Carrum,E,21434,1,"SARGENT, Glenn R",Senator On-Line,0
VIC,219,Isaacs,4141,Carrum,E,21437,2,"WARDLE, Emma Louise",Senator On-Line,0
VIC,219,Isaacs,4141,Carrum,F,22136,0,F Ticket Votes,Democratic Labor Party (DLP) of Australia,31
VIC,219,Isaacs,4141,Carrum,F,21985,1,"MADIGAN, John",Democratic Labor Party (DLP) of Australia,3
VIC,219,Isaacs,4141,Carrum,F,21987,2,"GONSALVEZ, Geraldine",Democratic Labor Party (DLP) of Australia,1
VIC,219,Isaacs,4141,Carrum,F,21989,3,"KAVANAGH, John",Democratic Labor Party (DLP) of Australia,0
VIC,219,Isaacs,4141,Carrum,G,22128,0,G Ticket Votes,Australian Democrats,6
VIC,219,Isaacs,4141,Carrum,G,21708,1,"HOWE, Roger",Australian Democrats,0
VIC,219,Isaacs,4141,Carrum,G,21711,2,"WESTGARTH, Rick",Australian Democrats,0
VIC,219,Isaacs,4141,Carrum,H,22125,0,H Ticket Votes,Shooters and Fishers,12
VIC,219,Isaacs,4141,Carrum,H,21443,1,"KELLY, Peter Maxwell",Shooters and Fishers,0
VIC,219,Isaacs,4141,Carrum,H,21445,2,"KRSTIC, Alex",Shooters and Fishers,0
VIC,219,Isaacs,4141,Carrum,I,22117,0,I Ticket Votes,Australian Sex Party,36
VIC,219,Isaacs,4141,Carrum,I,20835,1,"PATTEN, Fiona",Australian Sex Party,2
VIC,219,Isaacs,4141,Carrum,I,20836,2,"WILSON, Emma",Australian Sex Party,1
VIC,219,Isaacs,4141,Carrum,I,20837,3,"BLAKEY, Katie",Australian Sex Party,0
VIC,219,Isaacs,4141,Carrum,J,22130,0,J Ticket Votes,The Climate Sceptics,1
VIC,219,Isaacs,4141,Carrum,J,21869,1,"DAWSON, Chris",The Climate Sceptics,0
VIC,219,Isaacs,4141,Carrum,J,21872,2,"HOLMES, Lee",The Climate Sceptics,1
VIC,219,Isaacs,4141,Carrum,K,22121,0,K Ticket Votes,Socialist Alliance,0
VIC,219,Isaacs,4141,Carrum,K,21108,1,"WINDISCH, Margarita",Socialist Alliance,0
VIC,219,Isaacs,4141,Carrum,K,21114,2,"FIREBRACE, Sharon",Socialist Alliance,0
VIC,219,Isaacs,4141,Carrum,K,21116,3,"GUY, Ron",Socialist Alliance,0
VIC,219,Isaacs,4141,Carrum,L,22116,0,L Ticket Votes,Citizens Electoral Council,1
VIC,219,Isaacs,4141,Carrum,L,20771,1,"MITCHELL, Doug",Citizens Electoral Council,0
VIC,219,Isaacs,4141,Carrum,L,20775,2,"ISHERWOOD, Katherine",Citizens Electoral Council,0
VIC,219,Isaacs,4141,Carrum,M,22135,0,M Ticket Votes,Building Australia,1
VIC,219,Isaacs,4141,Carrum,M,21982,1,"EVANS, Darren",Building Australia,0
VIC,219,Isaacs,4141,Carrum,M,21983,2,"WHITE, Sam",Building Australia,0
VIC,219,Isaacs,4141,Carrum,N,22127,0,N Ticket Votes,One Nation,6
VIC,219,Isaacs,4141,Carrum,N,21700,1,"TOWNSEND, Rosalyn",One Nation,1
VIC,219,Isaacs,4141,Carrum,N,21704,2,"TOWNSEND, Phillip",One Nation,0
VIC,219,Isaacs,4141,Carrum,O,22118,0,O Ticket Votes,Liberal/The Nationals,478
VIC,219,Isaacs,4141,Carrum,O,21950,1,"RONALDSON, Michael",Liberal,2
VIC,219,Isaacs,4141,Carrum,O,21952,2,"McKENZIE, Bridget",The Nationals,0
VIC,219,Isaacs,4141,Carrum,O,21954,3,"McGAURAN, Julian",Liberal,1
VIC,219,Isaacs,4141,Carrum,O,21956,4,"JENNISON, Susan",Liberal,0
VIC,219,Isaacs,4141,Carrum,P,22132,0,P Ticket Votes,Christian Democratic Party,2
VIC,219,Isaacs,4141,Carrum,P,21894,1,"JANSON, Vickie",Christian Democratic Party,0
VIC,219,Isaacs,4141,Carrum,P,21911,2,"EDDY-VEITZ, BEN",Christian Democratic Party,0
VIC,219,Isaacs,4141,Carrum,Q,22124,0,Q Ticket Votes,Australian Labor Party,681
VIC,219,Isaacs,4141,Carrum,Q,21330,1,"CARR, Kim John",Australian Labor Party,12
VIC,219,Isaacs,4141,Carrum,Q,21337,2,"CONROY, Stephen Michael",Australian Labor Party,1
VIC,219,Isaacs,4141,Carrum,Q,21344,3,"THOW, Antony",Australian Labor Party,0
VIC,219,Isaacs,4141,Carrum,Q,21347,4,"LEWIS, Marg",Australian Labor Party,0
VIC,219,Isaacs,4141,Carrum,Q,21358,5,"FREEMAN, Shelly",Australian Labor Party,2
VIC,219,Isaacs,4141,Carrum,R,22120,0,R Ticket Votes,Secular Party of Australia,2
VIC,219,Isaacs,4141,Carrum,R,20874,1,"PERKINS, John Leslie",Secular Party of Australia,0
VIC,219,Isaacs,4141,Carrum,R,20877,2,"SCEATS, Rosemary Elizabeth",Secular Party of Australia,0
VIC,219,Isaacs,4141,Carrum,S,22134,0,S Ticket Votes,Carers Alliance,3
VIC,219,Isaacs,4141,Carrum,S,21941,1,"MONTEAGLE, Christopher",Carers Alliance,0
VIC,219,Isaacs,4141,Carrum,S,21942,2,"PEACOCK, Wendy",Carers Alliance,0
VIC,219,Isaacs,4141,Carrum,T,22122,0,T Ticket Votes,Liberal Democrats (LDP),18
VIC,219,Isaacs,4141,Carrum,T,21251,1,"CURRIE, Ross",Liberal Democrats (LDP),0
VIC,219,Isaacs,4141,Carrum,T,21310,2,"KLASS, Graeme Michael",Liberal Democrats (LDP),0
VIC,219,Isaacs,4141,Carrum,U,22133,0,U Ticket Votes,,0
VIC,219,Isaacs,4141,Carrum,U,21913,1,"MAYNE, Stephen",,2
VIC,219,Isaacs,4141,Carrum,U,21914,2,"PICCININI, Paula",,0
VIC,219,Isaacs,4141,Carrum,UG,20887,1,"BEALE, Grant",Independent,1
VIC,219,Isaacs,4141,Carrum,UG,21428,2,"SHEA, Glenn",Independent,1
VIC,219,Isaacs,4141,Carrum,ZZ,0,99,INFORMAL,,79
VIC,219,Isaacs,4142,Chelsea,A,22119,0,A Ticket Votes,Socialist Equality Party,1
VIC,219,Isaacs,4142,Chelsea,A,20946,1,"O'CONNOR, Patrick",Socialist Equality Party,1
VIC,219,Isaacs,4142,Chelsea,A,20951,2,"VONGVIXAY, Keo",Socialist Equality Party,0
VIC,219,Isaacs,4142,Chelsea,B,22126,0,B Ticket Votes,,0
VIC,219,Isaacs,4142,Chelsea,B,21509,1,"TOSCANO, Joseph",,1
VIC,219,Isaacs,4142,Chelsea,B,21512,2,"WARFE, Jenny",,0
VIC,219,Isaacs,4142,Chelsea,B,21514,3,"SADAUSKAS, Andrew",,0
VIC,219,Isaacs,4142,Chelsea,C,22129,0,C Ticket Votes,Family First,7
VIC,219,Isaacs,4142,Chelsea,C,21716,1,"FIELDING, Steven",Family First,3
VIC,219,Isaacs,4142,Chelsea,C,21728,2,"PLUMRIDGE, Gary",Family First,0
VIC,219,Isaacs,4142,Chelsea,C,21732,3,"BOWN SEELEY, Ann Edith",Family First,0
VIC,219,Isaacs,4142,Chelsea,C,21735,4,"GOH, Yuli",Family First,0
VIC,219,Isaacs,4142,Chelsea,C,21737,5,"KHOO, Joyce",Family First,0
VIC,219,Isaacs,4142,Chelsea,D,22131,0,D Ticket Votes,Australian Greens,134
VIC,219,Isaacs,4142,Chelsea,D,21875,1,"DI NATALE, Richard",Australian Greens,8
VIC,219,Isaacs,4142,Chelsea,D,21877,2,"RICE, Janet",Australian Greens,1
VIC,219,Isaacs,4142,Chelsea,D,21878,3,"BUI, Nam",Australian Greens,0
VIC,219,Isaacs,4142,Chelsea,D,21883,4,"HARGRAVE, Jen",Australian Greens,0
VIC,219,Isaacs,4142,Chelsea,D,21885,5,"RIVENDELL, Julie",Australian Greens,1
VIC,219,Isaacs,4142,Chelsea,D,21887,6,"SHNOOKAL, Liezl",Australian Greens,1
VIC,219,Isaacs,4142,Chelsea,E,22123,0,E Ticket Votes,Senator On-Line,1
VIC,219,Isaacs,4142,Chelsea,E,21434,1,"SARGENT, Glenn R",Senator On-Line,0
VIC,219,Isaacs,4142,Chelsea,E,21437,2,"WARDLE, Emma Louise",Senator On-Line,0
VIC,219,Isaacs,4142,Chelsea,F,22136,0,F Ticket Votes,Democratic Labor Party (DLP) of Australia,15
VIC,219,Isaacs,4142,Chelsea,F,21985,1,"MADIGAN, John",Democratic Labor Party (DLP) of Australia,2
VIC,219,Isaacs,4142,Chelsea,F,21987,2,"GONSALVEZ, Geraldine",Democratic Labor Party (DLP) of Australia,0
VIC,219,Isaacs,4142,Chelsea,F,21989,3,"KAVANAGH, John",Democratic Labor Party (DLP) of Australia,0
VIC,219,Isaacs,4142,Chelsea,G,22128,0,G Ticket Votes,Australian Democrats,3
VIC,219,Isaacs,4142,Chelsea,G,21708,1,"HOWE, Roger",Australian Democrats,0
VIC,219,Isaacs,4142,Chelsea,G,21711,2,"WESTGARTH, Rick",Australian Democrats,0
VIC,219,Isaacs,4142,Chelsea,H,22125,0,H Ticket Votes,Shooters and Fishers,9
VIC,219,Isaacs,4142,Chelsea,H,21443,1,"KELLY, Peter Maxwell",Shooters and Fishers,1
VIC,219,Isaacs,4142,Chelsea,H,21445,2,"KRSTIC, Alex",Shooters and Fishers,0
VIC,219,Isaacs,4142,Chelsea,I,22117,0,I Ticket Votes,Australian Sex Party,11
VIC,219,Isaacs,4142,Chelsea,I,20835,1,"PATTEN, Fiona",Australian Sex Party,3
VIC,219,Isaacs,4142,Chelsea,I,20836,2,"WILSON, Emma",Australian Sex Party,0
VIC,219,Isaacs,4142,Chelsea,I,20837,3,"BLAKEY, Katie",Australian Sex Party,0
VIC,219,Isaacs,4142,Chelsea,J,22130,0,J Ticket Votes,The Climate Sceptics,0
VIC,219,Isaacs,4142,Chelsea,J,21869,1,"DAWSON, Chris",The Climate Sceptics,0
VIC,219,Isaacs,4142,Chelsea,J,21872,2,"HOLMES, Lee",The Climate Sceptics,0
VIC,219,Isaacs,4142,Chelsea,K,22121,0,K Ticket Votes,Socialist Alliance,0
VIC,219,Isaacs,4142,Chelsea,K,21108,1,"WINDISCH, Margarita",Socialist Alliance,0
VIC,219,Isaacs,4142,Chelsea,K,21114,2,"FIREBRACE, Sharon",Socialist Alliance,0
VIC,219,Isaacs,4142,Chelsea,K,21116,3,"GUY, Ron",Socialist Alliance,0
VIC,219,Isaacs,4142,Chelsea,L,22116,0,L Ticket Votes,Citizens Electoral Council,1
VIC,219,Isaacs,4142,Chelsea,L,20771,1,"MITCHELL, Doug",Citizens Electoral Council,0
VIC,219,Isaacs,4142,Chelsea,L,20775,2,"ISHERWOOD, Katherine",Citizens Electoral Council,0
VIC,219,Isaacs,4142,Chelsea,M,22135,0,M Ticket Votes,Building Australia,0
VIC,219,Isaacs,4142,Chelsea,M,21982,1,"EVANS, Darren",Building Australia,0
VIC,219,Isaacs,4142,Chelsea,M,21983,2,"WHITE, Sam",Building Australia,0
VIC,219,Isaacs,4142,Chelsea,N,22127,0,N Ticket Votes,One Nation,5
VIC,219,Isaacs,4142,Chelsea,N,21700,1,"TOWNSEND, Rosalyn",One Nation,0
VIC,219,Isaacs,4142,Chelsea,N,21704,2,"TOWNSEND, Phillip",One Nation,0
VIC,219,Isaacs,4142,Chelsea,O,22118,0,O Ticket Votes,Liberal/The Nationals,340
VIC,219,Isaacs,4142,Chelsea,O,21950,1,"RONALDSON, Michael",Liberal,1
VIC,219,Isaacs,4142,Chelsea,O,21952,2,"McKENZIE, Bridget",The Nationals,0
VIC,219,Isaacs,4142,Chelsea,O,21954,3,"McGAURAN, Julian",Liberal,1
VIC,219,Isaacs,4142,Chelsea,O,21956,4,"JENNISON, Susan",Liberal,0
VIC,219,Isaacs,4142,Chelsea,P,22132,0,P Ticket Votes,Christian Democratic Party,0
VIC,219,Isaacs,4142,Chelsea,P,21894,1,"JANSON, Vickie",Christian Democratic Party,0
VIC,219,Isaacs,4142,Chelsea,P,21911,2,"EDDY-VEITZ, BEN",Christian Democratic Party,0
VIC,219,Isaacs,4142,Chelsea,Q,22124,0,Q Ticket Votes,Australian Labor Party,424
VIC,219,Isaacs,4142,Chelsea,Q,21330,1,"CARR, Kim John",Australian Labor Party,7
VIC,219,Isaacs,4142,Chelsea,Q,21337,2,"CONROY, Stephen Michael",Australian Labor Party,0
VIC,219,Isaacs,4142,Chelsea,Q,21344,3,"THOW, Antony",Australian Labor Party,0
VIC,219,Isaacs,4142,Chelsea,Q,21347,4,"LEWIS, Marg",Australian Labor Party,0
VIC,219,Isaacs,4142,Chelsea,Q,21358,5,"FREEMAN, Shelly",Australian Labor Party,0
VIC,219,Isaacs,4142,Chelsea,R,22120,0,R Ticket Votes,Secular Party of Australia,0
VIC,219,Isaacs,4142,Chelsea,R,20874,1,"PERKINS, John Leslie",Secular Party of Australia,0
VIC,219,Isaacs,4142,Chelsea,R,20877,2,"SCEATS, Rosemary Elizabeth",Secular Party of Australia,0
VIC,219,Isaacs,4142,Chelsea,S,22134,0,S Ticket Votes,Carers Alliance,1
VIC,219,Isaacs,4142,Chelsea,S,21941,1,"MONTEAGLE, Christopher",Carers Alliance,0
VIC,219,Isaacs,4142,Chelsea,S,21942,2,"PEACOCK, Wendy",Carers Alliance,0
VIC,219,Isaacs,4142,Chelsea,T,22122,0,T Ticket Votes,Liberal Democrats (LDP),13
VIC,219,Isaacs,4142,Chelsea,T,21251,1,"CURRIE, Ross",Liberal Democrats (LDP),0
VIC,219,Isaacs,4142,Chelsea,T,21310,2,"KLASS, Graeme Michael",Liberal Democrats (LDP),0
VIC,219,Isaacs,4142,Chelsea,U,22133,0,U Ticket Votes,,1
VIC,219,Isaacs,4142,Chelsea,U,21913,1,"MAYNE, Stephen",,3
VIC,219,Isaacs,4142,Chelsea,U,21914,2,"PICCININI, Paula",,0
VIC,219,Isaacs,4142,Chelsea,UG,20887,1,"BEALE, Grant",Independent,0
VIC,219,Isaacs,4142,Chelsea,UG,21428,2,"SHEA, Glenn",Independent,1
VIC,219,Isaacs,4142,Chelsea,ZZ,0,99,INFORMAL,,64
VIC,219,Isaacs,4143,Chelsea Central,A,22119,0,A Ticket Votes,Socialist Equality Party,5
VIC,219,Isaacs,4143,Chelsea Central,A,20946,1,"O'CONNOR, Patrick",Socialist Equality Party,1
VIC,219,Isaacs,4143,Chelsea Central,A,20951,2,"VONGVIXAY, Keo",Socialist Equality Party,0
VIC,219,Isaacs,4143,Chelsea Central,B,22126,0,B Ticket Votes,,1
VIC,219,Isaacs,4143,Chelsea Central,B,21509,1,"TOSCANO, Joseph",,0
VIC,219,Isaacs,4143,Chelsea Central,B,21512,2,"WARFE, Jenny",,0
VIC,219,Isaacs,4143,Chelsea Central,B,21514,3,"SADAUSKAS, Andrew",,0
VIC,219,Isaacs,4143,Chelsea Central,C,22129,0,C Ticket Votes,Family First,74
VIC,219,Isaacs,4143,Chelsea Central,C,21716,1,"FIELDING, Steven",Family First,4
VIC,219,Isaacs,4143,Chelsea Central,C,21728,2,"PLUMRIDGE, Gary",Family First,0
VIC,219,Isaacs,4143,Chelsea Central,C,21732,3,"BOWN SEELEY, Ann Edith",Family First,0
VIC,219,Isaacs,4143,Chelsea Central,C,21735,4,"GOH, Yuli",Family First,0
VIC,219,Isaacs,4143,Chelsea Central,C,21737,5,"KHOO, Joyce",Family First,0
VIC,219,Isaacs,4143,Chelsea Central,D,22131,0,D Ticket Votes,Australian Greens,364
VIC,219,Isaacs,4143,Chelsea Central,D,21875,1,"DI NATALE, Richard",Australian Greens,24
VIC,219,Isaacs,4143,Chelsea Central,D,21877,2,"RICE, Janet",Australian Greens,1
VIC,219,Isaacs,4143,Chelsea Central,D,21878,3,"BUI, Nam",Australian Greens,0
VIC,219,Isaacs,4143,Chelsea Central,D,21883,4,"HARGRAVE, Jen",Australian Greens,1
VIC,219,Isaacs,4143,Chelsea Central,D,21885,5,"RIVENDELL, Julie",Australian Greens,1
VIC,219,Isaacs,4143,Chelsea Central,D,21887,6,"SHNOOKAL, Liezl",Australian Greens,0
VIC,219,Isaacs,4143,Chelsea Central,E,22123,0,E Ticket Votes,Senator On-Line,3
VIC,219,Isaacs,4143,Chelsea Central,E,21434,1,"SARGENT, Glenn R",Senator On-Line,0
VIC,219,Isaacs,4143,Chelsea Central,E,21437,2,"WARDLE, Emma Louise",Senator On-Line,0
VIC,219,Isaacs,4143,Chelsea Central,F,22136,0,F Ticket Votes,Democratic Labor Party (DLP) of Australia,61
VIC,219,Isaacs,4143,Chelsea Central,F,21985,1,"MADIGAN, John",Democratic Labor Party (DLP) of Australia,1
VIC,219,Isaacs,4143,Chelsea Central,F,21987,2,"GONSALVEZ, Geraldine",Democratic Labor Party (DLP) of Australia,0
VIC,219,Isaacs,4143,Chelsea Central,F,21989,3,"KAVANAGH, John",Democratic Labor Party (DLP) of Australia,2
VIC,219,Isaacs,4143,Chelsea Central,G,22128,0,G Ticket Votes,Australian Democrats,13
VIC,219,Isaacs,4143,Chelsea Central,G,21708,1,"HOWE, Roger",Australian Democrats,3
VIC,219,Isaacs,4143,Chelsea Central,G,21711,2,"WESTGARTH, Rick",Australian Democrats,0
VIC,219,Isaacs,4143,Chelsea Central,H,22125,0,H Ticket Votes,Shooters and Fishers,17
VIC,219,Isaacs,4143,Chelsea Central,H,21443,1,"KELLY, Peter Maxwell",Shooters and Fishers,1
VIC,219,Isaacs,4143,Chelsea Central,H,21445,2,"KRSTIC, Alex",Shooters and Fishers,0
VIC,219,Isaacs,4143,Chelsea Central,I,22117,0,I Ticket Votes,Australian Sex Party,48
VIC,219,Isaacs,4143,Chelsea Central,I,20835,1,"PATTEN, Fiona",Australian Sex Party,5
VIC,219,Isaacs,4143,Chelsea Central,I,20836,2,"WILSON, Emma",Australian Sex Party,1
VIC,219,Isaacs,4143,Chelsea Central,I,20837,3,"BLAKEY, Katie",Australian Sex Party,0
VIC,219,Isaacs,4143,Chelsea Central,J,22130,0,J Ticket Votes,The Climate Sceptics,8
VIC,219,Isaacs,4143,Chelsea Central,J,21869,1,"DAWSON, Chris",The Climate Sceptics,2
VIC,219,Isaacs,4143,Chelsea Central,J,21872,2,"HOLMES, Lee",The Climate Sceptics,0
VIC,219,Isaacs,4143,Chelsea Central,K,22121,0,K Ticket Votes,Socialist Alliance,4
VIC,219,Isaacs,4143,Chelsea Central,K,21108,1,"WINDISCH, Margarita",Socialist Alliance,0
VIC,219,Isaacs,4143,Chelsea Central,K,21114,2,"FIREBRACE, Sharon",Socialist Alliance,0
VIC,219,Isaacs,4143,Chelsea Central,K,21116,3,"GUY, Ron",Socialist Alliance,0
VIC,219,Isaacs,4143,Chelsea Central,L,22116,0,L Ticket Votes,Citizens Electoral Council,3
VIC,219,Isaacs,4143,Chelsea Central,L,20771,1,"MITCHELL, Doug",Citizens Electoral Council,0
VIC,219,Isaacs,4143,Chelsea Central,L,20775,2,"ISHERWOOD, Katherine",Citizens Electoral Council,0
VIC,219,Isaacs,4143,Chelsea Central,M,22135,0,M Ticket Votes,Building Australia,2
VIC,219,Isaacs,4143,Chelsea Central,M,21982,1,"EVANS, Darren",Building Australia,0
VIC,219,Isaacs,4143,Chelsea Central,M,21983,2,"WHITE, Sam",Building Australia,0
VIC,219,Isaacs,4143,Chelsea Central,N,22127,0,N Ticket Votes,One Nation,12
VIC,219,Isaacs,4143,Chelsea Central,N,21700,1,"TOWNSEND, Rosalyn",One Nation,0
VIC,219,Isaacs,4143,Chelsea Central,N,21704,2,"TOWNSEND, Phillip",One Nation,0
VIC,219,Isaacs,4143,Chelsea Central,O,22118,0,O Ticket Votes,Liberal/The Nationals,686
VIC,219,Isaacs,4143,Chelsea Central,O,21950,1,"RONALDSON, Michael",Liberal,8
VIC,219,Isaacs,4143,Chelsea Central,O,21952,2,"McKENZIE, Bridget",The Nationals,0
VIC,219,Isaacs,4143,Chelsea Central,O,21954,3,"McGAURAN, Julian",Liberal,3
VIC,219,Isaacs,4143,Chelsea Central,O,21956,4,"JENNISON, Susan",Liberal,0
VIC,219,Isaacs,4143,Chelsea Central,P,22132,0,P Ticket Votes,Christian Democratic Party,8
VIC,219,Isaacs,4143,Chelsea Central,P,21894,1,"JANSON, Vickie",Christian Democratic Party,2
VIC,219,Isaacs,4143,Chelsea Central,P,21911,2,"EDDY-VEITZ, BEN",Christian Democratic Party,0
VIC,219,Isaacs,4143,Chelsea Central,Q,22124,0,Q Ticket Votes,Australian Labor Party,1038
VIC,219,Isaacs,4143,Chelsea Central,Q,21330,1,"CARR, Kim John",Australian Labor Party,11
VIC,219,Isaacs,4143,Chelsea Central,Q,21337,2,"CONROY, Stephen Michael",Australian Labor Party,3
VIC,219,Isaacs,4143,Chelsea Central,Q,21344,3,"THOW, Antony",Australian Labor Party,1
VIC,219,Isaacs,4143,Chelsea Central,Q,21347,4,"LEWIS, Marg",Australian Labor Party,0
VIC,219,Isaacs,4143,Chelsea Central,Q,21358,5,"FREEMAN, Shelly",Australian Labor Party,1
VIC,219,Isaacs,4143,Chelsea Central,R,22120,0,R Ticket Votes,Secular Party of Australia,5
VIC,219,Isaacs,4143,Chelsea Central,R,20874,1,"PERKINS, John Leslie",Secular Party of Australia,1
VIC,219,Isaacs,4143,Chelsea Central,R,20877,2,"SCEATS, Rosemary Elizabeth",Secular Party of Australia,0
VIC,219,Isaacs,4143,Chelsea Central,S,22134,0,S Ticket Votes,Carers Alliance,3
VIC,219,Isaacs,4143,Chelsea Central,S,21941,1,"MONTEAGLE, Christopher",Carers Alliance,0
VIC,219,Isaacs,4143,Chelsea Central,S,21942,2,"PEACOCK, Wendy",Carers Alliance,0
VIC,219,Isaacs,4143,Chelsea Central,T,22122,0,T Ticket Votes,Liberal Democrats (LDP),65
VIC,219,Isaacs,4143,Chelsea Central,T,21251,1,"CURRIE, Ross",Liberal Democrats (LDP),0
VIC,219,Isaacs,4143,Chelsea Central,T,21310,2,"KLASS, Graeme Michael",Liberal Democrats (LDP),0
VIC,219,Isaacs,4143,Chelsea Central,U,22133,0,U Ticket Votes,,2
VIC,219,Isaacs,4143,Chelsea Central,U,21913,1,"MAYNE, Stephen",,0
VIC,219,Isaacs,4143,Chelsea Central,U,21914,2,"PICCININI, Paula",,0
VIC,219,Isaacs,4143,Chelsea Central,UG,20887,1,"BEALE, Grant",Independent,0
VIC,219,Isaacs,4143,Chelsea Central,UG,21428,2,"SHEA, Glenn",Independent,0
VIC,219,Isaacs,4143,Chelsea Central,ZZ,0,99,INFORMAL,,123
VIC,219,Isaacs,4144,Chelsea Heights,A,22119,0,A Ticket Votes,Socialist Equality Party,7
VIC,219,Isaacs,4144,Chelsea Heights,A,20946,1,"O'CONNOR, Patrick",Socialist Equality Party,2
VIC,219,Isaacs,4144,Chelsea Heights,A,20951,2,"VONGVIXAY, Keo",Socialist Equality Party,0
VIC,219,Isaacs,4144,Chelsea Heights,B,22126,0,B Ticket Votes,,2
VIC,219,Isaacs,4144,Chelsea Heights,B,21509,1,"TOSCANO, Joseph",,1
VIC,219,Isaacs,4144,Chelsea Heights,B,21512,2,"WARFE, Jenny",,0
VIC,219,Isaacs,4144,Chelsea Heights,B,21514,3,"SADAUSKAS, Andrew",,0
VIC,219,Isaacs,4144,Chelsea Heights,C,22129,0,C Ticket Votes,Family First,103
VIC,219,Isaacs,4144,Chelsea Heights,C,21716,1,"FIELDING, Steven",Family First,2
VIC,219,Isaacs,4144,Chelsea Heights,C,21728,2,"PLUMRIDGE, Gary",Family First,0
VIC,219,Isaacs,4144,Chelsea Heights,C,21732,3,"BOWN SEELEY, Ann Edith",Family First,0
VIC,219,Isaacs,4144,Chelsea Heights,C,21735,4,"GOH, Yuli",Family First,0
VIC,219,Isaacs,4144,Chelsea Heights,C,21737,5,"KHOO, Joyce",Family First,1
VIC,219,Isaacs,4144,Chelsea Heights,D,22131,0,D Ticket Votes,Australian Greens,427
VIC,219,Isaacs,4144,Chelsea Heights,D,21875,1,"DI NATALE, Richard",Australian Greens,19
VIC,219,Isaacs,4144,Chelsea Heights,D,21877,2,"RICE, Janet",Australian Greens,1
VIC,219,Isaacs,4144,Chelsea Heights,D,21878,3,"BUI, Nam",Australian Greens,0
VIC,219,Isaacs,4144,Chelsea Heights,D,21883,4,"HARGRAVE, Jen",Australian Greens,1
VIC,219,Isaacs,4144,Chelsea Heights,D,21885,5,"RIVENDELL, Julie",Australian Greens,1
VIC,219,Isaacs,4144,Chelsea Heights,D,21887,6,"SHNOOKAL, Liezl",Australian Greens,0
VIC,219,Isaacs,4144,Chelsea Heights,E,22123,0,E Ticket Votes,Senator On-Line,4
VIC,219,Isaacs,4144,Chelsea Heights,E,21434,1,"SARGENT, Glenn R",Senator On-Line,0
VIC,219,Isaacs,4144,Chelsea Heights,E,21437,2,"WARDLE, Emma Louise",Senator On-Line,0
VIC,219,Isaacs,4144,Chelsea Heights,F,22136,0,F Ticket Votes,Democratic Labor Party (DLP) of Australia,67
VIC,219,Isaacs,4144,Chelsea Heights,F,21985,1,"MADIGAN, John",Democratic Labor Party (DLP) of Australia,1
VIC,219,Isaacs,4144,Chelsea Heights,F,21987,2,"GONSALVEZ, Geraldine",Democratic Labor Party (DLP) of Australia,0
VIC,219,Isaacs,4144,Chelsea Heights,F,21989,3,"KAVANAGH, John",Democratic Labor Party (DLP) of Australia,0
VIC,219,Isaacs,4144,Chelsea Heights,G,22128,0,G Ticket Votes,Australian Democrats,17
VIC,219,Isaacs,4144,Chelsea Heights,G,21708,1,"HOWE, Roger",Australian Democrats,1
VIC,219,Isaacs,4144,Chelsea Heights,G,21711,2,"WESTGARTH, Rick",Australian Democrats,0
VIC,219,Isaacs,4144,Chelsea Heights,H,22125,0,H Ticket Votes,Shooters and Fishers,25
VIC,219,Isaacs,4144,Chelsea Heights,H,21443,1,"KELLY, Peter Maxwell",Shooters and Fishers,2
VIC,219,Isaacs,4144,Chelsea Heights,H,21445,2,"KRSTIC, Alex",Shooters and Fishers,0
VIC,219,Isaacs,4144,Chelsea Heights,I,22117,0,I Ticket Votes,Australian Sex Party,95
VIC,219,Isaacs,4144,Chelsea Heights,I,20835,1,"PATTEN, Fiona",Australian Sex Party,2
VIC,219,Isaacs,4144,Chelsea Heights,I,20836,2,"WILSON, Emma",Australian Sex Party,0
VIC,219,Isaacs,4144,Chelsea Heights,I,20837,3,"BLAKEY, Katie",Australian Sex Party,0
VIC,219,Isaacs,4144,Chelsea Heights,J,22130,0,J Ticket Votes,The Climate Sceptics,3
VIC,219,Isaacs,4144,Chelsea Heights,J,21869,1,"DAWSON, Chris",The Climate Sceptics,0
VIC,219,Isaacs,4144,Chelsea Heights,J,21872,2,"HOLMES, Lee",The Climate Sceptics,0
VIC,219,Isaacs,4144,Chelsea Heights,K,22121,0,K Ticket Votes,Socialist Alliance,5
VIC,219,Isaacs,4144,Chelsea Heights,K,21108,1,"WINDISCH, Margarita",Socialist Alliance,0
VIC,219,Isaacs,4144,Chelsea Heights,K,21114,2,"FIREBRACE, Sharon",Socialist Alliance,0
VIC,219,Isaacs,4144,Chelsea Heights,K,21116,3,"GUY, Ron",Socialist Alliance,0
VIC,219,Isaacs,4144,Chelsea Heights,L,22116,0,L Ticket Votes,Citizens Electoral Council,2
VIC,219,Isaacs,4144,Chelsea Heights,L,20771,1,"MITCHELL, Doug",Citizens Electoral Council,0
VIC,219,Isaacs,4144,Chelsea Heights,L,20775,2,"ISHERWOOD, Katherine",Citizens Electoral Council,0
VIC,219,Isaacs,4144,Chelsea Heights,M,22135,0,M Ticket Votes,Building Australia,4
VIC,219,Isaacs,4144,Chelsea Heights,M,21982,1,"EVANS, Darren",Building Australia,1
VIC,219,Isaacs,4144,Chelsea Heights,M,21983,2,"WHITE, Sam",Building Australia,0
VIC,219,Isaacs,4144,Chelsea Heights,N,22127,0,N Ticket Votes,One Nation,15
VIC,219,Isaacs,4144,Chelsea Heights,N,21700,1,"TOWNSEND, Rosalyn",One Nation,0
VIC,219,Isaacs,4144,Chelsea Heights,N,21704,2,"TOWNSEND, Phillip",One Nation,0
VIC,219,Isaacs,4144,Chelsea Heights,O,22118,0,O Ticket Votes,Liberal/The Nationals,1010
VIC,219,Isaacs,4144,Chelsea Heights,O,21950,1,"RONALDSON, Michael",Liberal,4
VIC,219,Isaacs,4144,Chelsea Heights,O,21952,2,"McKENZIE, Bridget",The Nationals,0
VIC,219,Isaacs,4144,Chelsea Heights,O,21954,3,"McGAURAN, Julian",Liberal,4
VIC,219,Isaacs,4144,Chelsea Heights,O,21956,4,"JENNISON, Susan",Liberal,0
VIC,219,Isaacs,4144,Chelsea Heights,P,22132,0,P Ticket Votes,Christian Democratic Party,14
VIC,219,Isaacs,4144,Chelsea Heights,P,21894,1,"JANSON, Vickie",Christian Democratic Party,1
VIC,219,Isaacs,4144,Chelsea Heights,P,21911,2,"EDDY-VEITZ, BEN",Christian Democratic Party,0
VIC,219,Isaacs,4144,Chelsea Heights,Q,22124,0,Q Ticket Votes,Australian Labor Party,1680
VIC,219,Isaacs,4144,Chelsea Heights,Q,21330,1,"CARR, Kim John",Australian Labor Party,9
VIC,219,Isaacs,4144,Chelsea Heights,Q,21337,2,"CONROY, Stephen Michael",Australian Labor Party,0
VIC,219,Isaacs,4144,Chelsea Heights,Q,21344,3,"THOW, Antony",Australian Labor Party,0
VIC,219,Isaacs,4144,Chelsea Heights,Q,21347,4,"LEWIS, Marg",Australian Labor Party,1
VIC,219,Isaacs,4144,Chelsea Heights,Q,21358,5,"FREEMAN, Shelly",Australian Labor Party,3
VIC,219,Isaacs,4144,Chelsea Heights,R,22120,0,R Ticket Votes,Secular Party of Australia,3
VIC,219,Isaacs,4144,Chelsea Heights,R,20874,1,"PERKINS, John Leslie",Secular Party of Australia,2
VIC,219,Isaacs,4144,Chelsea Heights,R,20877,2,"SCEATS, Rosemary Elizabeth",Secular Party of Australia,0
VIC,219,Isaacs,4144,Chelsea Heights,S,22134,0,S Ticket Votes,Carers Alliance,5
VIC,219,Isaacs,4144,Chelsea Heights,S,21941,1,"MONTEAGLE, Christopher",Carers Alliance,0
VIC,219,Isaacs,4144,Chelsea Heights,S,21942,2,"PEACOCK, Wendy",Carers Alliance,0
VIC,219,Isaacs,4144,Chelsea Heights,T,22122,0,T Ticket Votes,Liberal Democrats (LDP),102
VIC,219,Isaacs,4144,Chelsea Heights,T,21251,1,"CURRIE, Ross",Liberal Democrats (LDP),1
VIC,219,Isaacs,4144,Chelsea Heights,T,21310,2,"KLASS, Graeme Michael",Liberal Democrats (LDP),0
VIC,219,Isaacs,4144,Chelsea Heights,U,22133,0,U Ticket Votes,,5
VIC,219,Isaacs,4144,Chelsea Heights,U,21913,1,"MAYNE, Stephen",,0
VIC,219,Isaacs,4144,Chelsea Heights,U,21914,2,"PICCININI, Paula",,0
VIC,219,Isaacs,4144,Chelsea Heights,UG,20887,1,"BEALE, Grant",Independent,0
VIC,219,Isaacs,4144,Chelsea Heights,UG,21428,2,"SHEA, Glenn",Independent,0
VIC,219,Isaacs,4144,Chelsea Heights,ZZ,0,99,INFORMAL,,181
VIC,219,Isaacs,4148,Edithvale,A,22119,0,A Ticket Votes,Socialist Equality Party,6
VIC,219,Isaacs,4148,Edithvale,A,20946,1,"O'CONNOR, Patrick",Socialist Equality Party,2
VIC,219,Isaacs,4148,Edithvale,A,20951,2,"VONGVIXAY, Keo",Socialist Equality Party,0
VIC,219,Isaacs,4148,Edithvale,B,22126,0,B Ticket Votes,,1
VIC,219,Isaacs,4148,Edithvale,B,21509,1,"TOSCANO, Joseph",,2
VIC,219,Isaacs,4148,Edithvale,B,21512,2,"WARFE, Jenny",,0
VIC,219,Isaacs,4148,Edithvale,B,21514,3,"SADAUSKAS, Andrew",,0
VIC,219,Isaacs,4148,Edithvale,C,22129,0,C Ticket Votes,Family First,72
VIC,219,Isaacs,4148,Edithvale,C,21716,1,"FIELDING, Steven",Family First,3
VIC,219,Isaacs,4148,Edithvale,C,21728,2,"PLUMRIDGE, Gary",Family First,0
VIC,219,Isaacs,4148,Edithvale,C,21732,3,"BOWN SEELEY, Ann Edith",Family First,0
VIC,219,Isaacs,4148,Edithvale,C,21735,4,"GOH, Yuli",Family First,0
VIC,219,Isaacs,4148,Edithvale,C,21737,5,"KHOO, Joyce",Family First,0
VIC,219,Isaacs,4148,Edithvale,D,22131,0,D Ticket Votes,Australian Greens,491
VIC,219,Isaacs,4148,Edithvale,D,21875,1,"DI NATALE, Richard",Australian Greens,38
VIC,219,Isaacs,4148,Edithvale,D,21877,2,"RICE, Janet",Australian Greens,2
VIC,219,Isaacs,4148,Edithvale,D,21878,3,"BUI, Nam",Australian Greens,1
VIC,219,Isaacs,4148,Edithvale,D,21883,4,"HARGRAVE, Jen",Australian Greens,0
VIC,219,Isaacs,4148,Edithvale,D,21885,5,"RIVENDELL, Julie",Australian Greens,2
VIC,219,Isaacs,4148,Edithvale,D,21887,6,"SHNOOKAL, Liezl",Australian Greens,0
VIC,219,Isaacs,4148,Edithvale,E,22123,0,E Ticket Votes,Senator On-Line,1
VIC,219,Isaacs,4148,Edithvale,E,21434,1,"SARGENT, Glenn R",Senator On-Line,0
VIC,219,Isaacs,4148,Edithvale,E,21437,2,"WARDLE, Emma Louise",Senator On-Line,0
VIC,219,Isaacs,4148,Edithvale,F,22136,0,F Ticket Votes,Democratic Labor Party (DLP) of Australia,65
VIC,219,Isaacs,4148,Edithvale,F,21985,1,"MADIGAN, John",Democratic Labor Party (DLP) of Australia,0
VIC,219,Isaacs,4148,Edithvale,F,21987,2,"GONSALVEZ, Geraldine",Democratic Labor Party (DLP) of Australia,0
VIC,219,Isaacs,4148,Edithvale,F,21989,3,"KAVANAGH, John",Democratic Labor Party (DLP) of Australia,0
VIC,219,Isaacs,4148,Edithvale,G,22128,0,G Ticket Votes,Australian Democrats,14
VIC,219,Isaacs,4148,Edithvale,G,21708,1,"HOWE, Roger",Australian Democrats,2
VIC,219,Isaacs,4148,Edithvale,G,21711,2,"WESTGARTH, Rick",Australian Democrats,0
VIC,219,Isaacs,4148,Edithvale,H,22125,0,H Ticket Votes,Shooters and Fishers,25
VIC,219,Isaacs,4148,Edithvale,H,21443,1,"KELLY, Peter Maxwell",Shooters and Fishers,2
VIC,219,Isaacs,4148,Edithvale,H,21445,2,"KRSTIC, Alex",Shooters and Fishers,0
VIC,219,Isaacs,4148,Edithvale,I,22117,0,I Ticket Votes,Australian Sex Party,83
VIC,219,Isaacs,4148,Edithvale,I,20835,1,"PATTEN, Fiona",Australian Sex Party,6
VIC,219,Isaacs,4148,Edithvale,I,20836,2,"WILSON, Emma",Australian Sex Party,0
VIC,219,Isaacs,4148,Edithvale,I,20837,3,"BLAKEY, Katie",Australian Sex Party,0
VIC,219,Isaacs,4148,Edithvale,J,22130,0,J Ticket Votes,The Climate Sceptics,2
VIC,219,Isaacs,4148,Edithvale,J,21869,1,"DAWSON, Chris",The Climate Sceptics,0
VIC,219,Isaacs,4148,Edithvale,J,21872,2,"HOLMES, Lee",The Climate Sceptics,0
VIC,219,Isaacs,4148,Edithvale,K,22121,0,K Ticket Votes,Socialist Alliance,3
VIC,219,Isaacs,4148,Edithvale,K,21108,1,"WINDISCH, Margarita",Socialist Alliance,0
VIC,219,Isaacs,4148,Edithvale,K,21114,2,"FIREBRACE, Sharon",Socialist Alliance,0
VIC,219,Isaacs,4148,Edithvale,K,21116,3,"GUY, Ron",Socialist Alliance,0
VIC,219,Isaacs,4148,Edithvale,L,22116,0,L Ticket Votes,Citizens Electoral Council,0
VIC,219,Isaacs,4148,Edithvale,L,20771,1,"MITCHELL, Doug",Citizens Electoral Council,0
VIC,219,Isaacs,4148,Edithvale,L,20775,2,"ISHERWOOD, Katherine",Citizens Electoral Council,0
VIC,219,Isaacs,4148,Edithvale,M,22135,0,M Ticket Votes,Building Australia,2
VIC,219,Isaacs,4148,Edithvale,M,21982,1,"EVANS, Darren",Building Australia,0
VIC,219,Isaacs,4148,Edithvale,M,21983,2,"WHITE, Sam",Building Australia,0
VIC,219,Isaacs,4148,Edithvale,N,22127,0,N Ticket Votes,One Nation,5
VIC,219,Isaacs,4148,Edithvale,N,21700,1,"TOWNSEND, Rosalyn",One Nation,1
VIC,219,Isaacs,4148,Edithvale,N,21704,2,"TOWNSEND, Phillip",One Nation,0
VIC,219,Isaacs,4148,Edithvale,O,22118,0,O Ticket Votes,Liberal/The Nationals,1114
VIC,219,Isaacs,4148,Edithvale,O,21950,1,"RONALDSON, Michael",Liberal,6
VIC,219,Isaacs,4148,Edithvale,O,21952,2,"McKENZIE, Bridget",The Nationals,0
VIC,219,Isaacs,4148,Edithvale,O,21954,3,"McGAURAN, Julian",Liberal,2
VIC,219,Isaacs,4148,Edithvale,O,21956,4,"JENNISON, Susan",Liberal,2
VIC,219,Isaacs,4148,Edithvale,P,22132,0,P Ticket Votes,Christian Democratic Party,12
VIC,219,Isaacs,4148,Edithvale,P,21894,1,"JANSON, Vickie",Christian Democratic Party,1
VIC,219,Isaacs,4148,Edithvale,P,21911,2,"EDDY-VEITZ, BEN",Christian Democratic Party,0
VIC,219,Isaacs,4148,Edithvale,Q,22124,0,Q Ticket Votes,Australian Labor Party,1257
VIC,219,Isaacs,4148,Edithvale,Q,21330,1,"CARR, Kim John",Australian Labor Party,16
VIC,219,Isaacs,4148,Edithvale,Q,21337,2,"CONROY, Stephen Michael",Australian Labor Party,0
VIC,219,Isaacs,4148,Edithvale,Q,21344,3,"THOW, Antony",Australian Labor Party,0
VIC,219,Isaacs,4148,Edithvale,Q,21347,4,"LEWIS, Marg",Australian Labor Party,0
VIC,219,Isaacs,4148,Edithvale,Q,21358,5,"FREEMAN, Shelly",Australian Labor Party,2
VIC,219,Isaacs,4148,Edithvale,R,22120,0,R Ticket Votes,Secular Party of Australia,1
VIC,219,Isaacs,4148,Edithvale,R,20874,1,"PERKINS, John Leslie",Secular Party of Australia,1
VIC,219,Isaacs,4148,Edithvale,R,20877,2,"SCEATS, Rosemary Elizabeth",Secular Party of Australia,0
VIC,219,Isaacs,4148,Edithvale,S,22134,0,S Ticket Votes,Carers Alliance,2
VIC,219,Isaacs,4148,Edithvale,S,21941,1,"MONTEAGLE, Christopher",Carers Alliance,1
VIC,219,Isaacs,4148,Edithvale,S,21942,2,"PEACOCK, Wendy",Carers Alliance,0
VIC,219,Isaacs,4148,Edithvale,T,22122,0,T Ticket Votes,Liberal Democrats (LDP),56
VIC,219,Isaacs,4148,Edithvale,T,21251,1,"CURRIE, Ross",Liberal Democrats (LDP),0
VIC,219,Isaacs,4148,Edithvale,T,21310,2,"KLASS, Graeme Michael",Liberal Democrats (LDP),0
VIC,219,Isaacs,4148,Edithvale,U,22133,0,U Ticket Votes,,2
VIC,219,Isaacs,4148,Edithvale,U,21913,1,"MAYNE, Stephen",,2
VIC,219,Isaacs,4148,Edithvale,U,21914,2,"PICCININI, Paula",,0
VIC,219,Isaacs,4148,Edithvale,UG,20887,1,"BEALE, Grant",Independent,1
VIC,219,Isaacs,4148,Edithvale,UG,21428,2,"SHEA, Glenn",Independent,0
VIC,219,Isaacs,4148,Edithvale,ZZ,0,99,INFORMAL,,140
VIC,219,Isaacs,4150,Mentone,A,22119,0,A Ticket Votes,Socialist Equality Party,7
VIC,219,Isaacs,4150,Mentone,A,20946,1,"O'CONNOR, Patrick",Socialist Equality Party,0
VIC,219,Isaacs,4150,Mentone,A,20951,2,"VONGVIXAY, Keo",Socialist Equality Party,0
VIC,219,Isaacs,4150,Mentone,B,22126,0,B Ticket Votes,,5
VIC,219,Isaacs,4150,Mentone,B,21509,1,"TOSCANO, Joseph",,2
VIC,219,Isaacs,4150,Mentone,B,21512,2,"WARFE, Jenny",,1
VIC,219,Isaacs,4150,Mentone,B,21514,3,"SADAUSKAS, Andrew",,1
VIC,219,Isaacs,4150,Mentone,C,22129,0,C Ticket Votes,Family First,19
VIC,219,Isaacs,4150,Mentone,C,21716,1,"FIELDING, Steven",Family First,2
VIC,219,Isaacs,4150,Mentone,C,21728,2,"PLUMRIDGE, Gary",Family First,0
VIC,219,Isaacs,4150,Mentone,C,21732,3,"BOWN SEELEY, Ann Edith",Family First,0
VIC,219,Isaacs,4150,Mentone,C,21735,4,"GOH, Yuli",Family First,0
VIC,219,Isaacs,4150,Mentone,C,21737,5,"KHOO, Joyce",Family First,0
VIC,219,Isaacs,4150,Mentone,D,22131,0,D Ticket Votes,Australian Greens,307
VIC,219,Isaacs,4150,Mentone,D,21875,1,"DI NATALE, Richard",Australian Greens,38
VIC,219,Isaacs,4150,Mentone,D,21877,2,"RICE, Janet",Australian Greens,0
VIC,219,Isaacs,4150,Mentone,D,21878,3,"BUI, Nam",Australian Greens,0
VIC,219,Isaacs,4150,Mentone,D,21883,4,"HARGRAVE, Jen",Australian Greens,2
VIC,219,Isaacs,4150,Mentone,D,21885,5,"RIVENDELL, Julie",Australian Greens,2
VIC,219,Isaacs,4150,Mentone,D,21887,6,"SHNOOKAL, Liezl",Australian Greens,1
VIC,219,Isaacs,4150,Mentone,E,22123,0,E Ticket Votes,Senator On-Line,1
VIC,219,Isaacs,4150,Mentone,E,21434,1,"SARGENT, Glenn R",Senator On-Line,0
VIC,219,Isaacs,4150,Mentone,E,21437,2,"WARDLE, Emma Louise",Senator On-Line,0
VIC,219,Isaacs,4150,Mentone,F,22136,0,F Ticket Votes,Democratic Labor Party (DLP) of Australia,38
VIC,219,Isaacs,4150,Mentone,F,21985,1,"MADIGAN, John",Democratic Labor Party (DLP) of Australia,2
VIC,219,Isaacs,4150,Mentone,F,21987,2,"GONSALVEZ, Geraldine",Democratic Labor Party (DLP) of Australia,0
VIC,219,Isaacs,4150,Mentone,F,21989,3,"KAVANAGH, John",Democratic Labor Party (DLP) of Australia,0
VIC,219,Isaacs,4150,Mentone,G,22128,0,G Ticket Votes,Australian Democrats,10
VIC,219,Isaacs,4150,Mentone,G,21708,1,"HOWE, Roger",Australian Democrats,1
VIC,219,Isaacs,4150,Mentone,G,21711,2,"WESTGARTH, Rick",Australian Democrats,0
VIC,219,Isaacs,4150,Mentone,H,22125,0,H Ticket Votes,Shooters and Fishers,11
VIC,219,Isaacs,4150,Mentone,H,21443,1,"KELLY, Peter Maxwell",Shooters and Fishers,3
VIC,219,Isaacs,4150,Mentone,H,21445,2,"KRSTIC, Alex",Shooters and Fishers,0
VIC,219,Isaacs,4150,Mentone,I,22117,0,I Ticket Votes,Australian Sex Party,25
VIC,219,Isaacs,4150,Mentone,I,20835,1,"PATTEN, Fiona",Australian Sex Party,6
VIC,219,Isaacs,4150,Mentone,I,20836,2,"WILSON, Emma",Australian Sex Party,0
VIC,219,Isaacs,4150,Mentone,I,20837,3,"BLAKEY, Katie",Australian Sex Party,1
VIC,219,Isaacs,4150,Mentone,J,22130,0,J Ticket Votes,The Climate Sceptics,1
VIC,219,Isaacs,4150,Mentone,J,21869,1,"DAWSON, Chris",The Climate Sceptics,1
VIC,219,Isaacs,4150,Mentone,J,21872,2,"HOLMES, Lee",The Climate Sceptics,0
VIC,219,Isaacs,4150,Mentone,K,22121,0,K Ticket Votes,Socialist Alliance,1
VIC,219,Isaacs,4150,Mentone,K,21108,1,"WINDISCH, Margarita",Socialist Alliance,0
VIC,219,Isaacs,4150,Mentone,K,21114,2,"FIREBRACE, Sharon",Socialist Alliance,0
VIC,219,Isaacs,4150,Mentone,K,21116,3,"GUY, Ron",Socialist Alliance,0
VIC,219,Isaacs,4150,Mentone,L,22116,0,L Ticket Votes,Citizens Electoral Council,0
VIC,219,Isaacs,4150,Mentone,L,20771,1,"MITCHELL, Doug",Citizens Electoral Council,0
VIC,219,Isaacs,4150,Mentone,L,20775,2,"ISHERWOOD, Katherine",Citizens Electoral Council,0
VIC,219,Isaacs,4150,Mentone,M,22135,0,M Ticket Votes,Building Australia,1
VIC,219,Isaacs,4150,Mentone,M,21982,1,"EVANS, Darren",Building Australia,0
VIC,219,Isaacs,4150,Mentone,M,21983,2,"WHITE, Sam",Building Australia,0
VIC,219,Isaacs,4150,Mentone,N,22127,0,N Ticket Votes,One Nation,2
VIC,219,Isaacs,4150,Mentone,N,21700,1,"TOWNSEND, Rosalyn",One Nation,0
VIC,219,Isaacs,4150,Mentone,N,21704,2,"TOWNSEND, Phillip",One Nation,0
VIC,219,Isaacs,4150,Mentone,O,22118,0,O Ticket Votes,Liberal/The Nationals,801
VIC,219,Isaacs,4150,Mentone,O,21950,1,"RONALDSON, Michael",Liberal,9
VIC,219,Isaacs,4150,Mentone,O,21952,2,"McKENZIE, Bridget",The Nationals,1
VIC,219,Isaacs,4150,Mentone,O,21954,3,"McGAURAN, Julian",Liberal,1
VIC,219,Isaacs,4150,Mentone,O,21956,4,"JENNISON, Susan",Liberal,1
VIC,219,Isaacs,4150,Mentone,P,22132,0,P Ticket Votes,Christian Democratic Party,6
VIC,219,Isaacs,4150,Mentone,P,21894,1,"JANSON, Vickie",Christian Democratic Party,1
VIC,219,Isaacs,4150,Mentone,P,21911,2,"EDDY-VEITZ, BEN",Christian Democratic Party,0
VIC,219,Isaacs,4150,Mentone,Q,22124,0,Q Ticket Votes,Australian Labor Party,650
VIC,219,Isaacs,4150,Mentone,Q,21330,1,"CARR, Kim John",Australian Labor Party,6
VIC,219,Isaacs,4150,Mentone,Q,21337,2,"CONROY, Stephen Michael",Australian Labor Party,0
VIC,219,Isaacs,4150,Mentone,Q,21344,3,"THOW, Antony",Australian Labor Party,0
VIC,219,Isaacs,4150,Mentone,Q,21347,4,"LEWIS, Marg",Australian Labor Party,1
VIC,219,Isaacs,4150,Mentone,Q,21358,5,"FREEMAN, Shelly",Australian Labor Party,3
VIC,219,Isaacs,4150,Mentone,R,22120,0,R Ticket Votes,Secular Party of Australia,1
VIC,219,Isaacs,4150,Mentone,R,20874,1,"PERKINS, John Leslie",Secular Party of Australia,0
VIC,219,Isaacs,4150,Mentone,R,20877,2,"SCEATS, Rosemary Elizabeth",Secular Party of Australia,0
VIC,219,Isaacs,4150,Mentone,S,22134,0,S Ticket Votes,Carers Alliance,0
VIC,219,Isaacs,4150,Mentone,S,21941,1,"MONTEAGLE, Christopher",Carers Alliance,0
VIC,219,Isaacs,4150,Mentone,S,21942,2,"PEACOCK, Wendy",Carers Alliance,0
VIC,219,Isaacs,4150,Mentone,T,22122,0,T Ticket Votes,Liberal Democrats (LDP),25
VIC,219,Isaacs,4150,Mentone,T,21251,1,"CURRIE, Ross",Liberal Democrats (LDP),0
VIC,219,Isaacs,4150,Mentone,T,21310,2,"KLASS, Graeme Michael",Liberal Democrats (LDP),0
VIC,219,Isaacs,4150,Mentone,U,22133,0,U Ticket Votes,,1
VIC,219,Isaacs,4150,Mentone,U,21913,1,"MAYNE, Stephen",,0
VIC,219,Isaacs,4150,Mentone,U,21914,2,"PICCININI, Paula",,0
VIC,219,Isaacs,4150,Mentone,UG,20887,1,"BEALE, Grant",Independent,0
VIC,219,Isaacs,4150,Mentone,UG,21428,2,"SHEA, Glenn",Independent,0
VIC,219,Isaacs,4150,Mentone,ZZ,0,99,INFORMAL,,79
VIC,219,Isaacs,4152,Mentone North,A,22119,0,A Ticket Votes,Socialist Equality Party,9
VIC,219,Isaacs,4152,Mentone North,A,20946,1,"O'CONNOR, Patrick",Socialist Equality Party,0
VIC,219,Isaacs,4152,Mentone North,A,20951,2,"VONGVIXAY, Keo",Socialist Equality Party,0
VIC,219,Isaacs,4152,Mentone North,B,22126,0,B Ticket Votes,,0
VIC,219,Isaacs,4152,Mentone North,B,21509,1,"TOSCANO, Joseph",,1
VIC,219,Isaacs,4152,Mentone North,B,21512,2,"WARFE, Jenny",,0
VIC,219,Isaacs,4152,Mentone North,B,21514,3,"SADAUSKAS, Andrew",,0
VIC,219,Isaacs,4152,Mentone North,C,22129,0,C Ticket Votes,Family First,13
VIC,219,Isaacs,4152,Mentone North,C,21716,1,"FIELDING, Steven",Family First,2
VIC,219,Isaacs,4152,Mentone North,C,21728,2,"PLUMRIDGE, Gary",Family First,0
VIC,219,Isaacs,4152,Mentone North,C,21732,3,"BOWN SEELEY, Ann Edith",Family First,0
VIC,219,Isaacs,4152,Mentone North,C,21735,4,"GOH, Yuli",Family First,0
VIC,219,Isaacs,4152,Mentone North,C,21737,5,"KHOO, Joyce",Family First,0
VIC,219,Isaacs,4152,Mentone North,D,22131,0,D Ticket Votes,Australian Greens,143
VIC,219,Isaacs,4152,Mentone North,D,21875,1,"DI NATALE, Richard",Australian Greens,8
VIC,219,Isaacs,4152,Mentone North,D,21877,2,"RICE, Janet",Australian Greens,0
VIC,219,Isaacs,4152,Mentone North,D,21878,3,"BUI, Nam",Australian Greens,0
VIC,219,Isaacs,4152,Mentone North,D,21883,4,"HARGRAVE, Jen",Australian Greens,0
VIC,219,Isaacs,4152,Mentone North,D,21885,5,"RIVENDELL, Julie",Australian Greens,0
VIC,219,Isaacs,4152,Mentone North,D,21887,6,"SHNOOKAL, Liezl",Australian Greens,0
VIC,219,Isaacs,4152,Mentone North,E,22123,0,E Ticket Votes,Senator On-Line,2
VIC,219,Isaacs,4152,Mentone North,E,21434,1,"SARGENT, Glenn R",Senator On-Line,0
VIC,219,Isaacs,4152,Mentone North,E,21437,2,"WARDLE, Emma Louise",Senator On-Line,0
VIC,219,Isaacs,4152,Mentone North,F,22136,0,F Ticket Votes,Democratic Labor Party (DLP) of Australia,21
VIC,219,Isaacs,4152,Mentone North,F,21985,1,"MADIGAN, John",Democratic Labor Party (DLP) of Australia,0
VIC,219,Isaacs,4152,Mentone North,F,21987,2,"GONSALVEZ, Geraldine",Democratic Labor Party (DLP) of Australia,0
VIC,219,Isaacs,4152,Mentone North,F,21989,3,"KAVANAGH, John",Democratic Labor Party (DLP) of Australia,1
VIC,219,Isaacs,4152,Mentone North,G,22128,0,G Ticket Votes,Australian Democrats,4
VIC,219,Isaacs,4152,Mentone North,G,21708,1,"HOWE, Roger",Australian Democrats,0
VIC,219,Isaacs,4152,Mentone North,G,21711,2,"WESTGARTH, Rick",Australian Democrats,0
VIC,219,Isaacs,4152,Mentone North,H,22125,0,H Ticket Votes,Shooters and Fishers,11
VIC,219,Isaacs,4152,Mentone North,H,21443,1,"KELLY, Peter Maxwell",Shooters and Fishers,0
VIC,219,Isaacs,4152,Mentone North,H,21445,2,"KRSTIC, Alex",Shooters and Fishers,0
VIC,219,Isaacs,4152,Mentone North,I,22117,0,I Ticket Votes,Australian Sex Party,23
VIC,219,Isaacs,4152,Mentone North,I,20835,1,"PATTEN, Fiona",Australian Sex Party,5
VIC,219,Isaacs,4152,Mentone North,I,20836,2,"WILSON, Emma",Australian Sex Party,0
VIC,219,Isaacs,4152,Mentone North,I,20837,3,"BLAKEY, Katie",Australian Sex Party,0
VIC,219,Isaacs,4152,Mentone North,J,22130,0,J Ticket Votes,The Climate Sceptics,2
VIC,219,Isaacs,4152,Mentone North,J,21869,1,"DAWSON, Chris",The Climate Sceptics,0
VIC,219,Isaacs,4152,Mentone North,J,21872,2,"HOLMES, Lee",The Climate Sceptics,0
VIC,219,Isaacs,4152,Mentone North,K,22121,0,K Ticket Votes,Socialist Alliance,0
VIC,219,Isaacs,4152,Mentone North,K,21108,1,"WINDISCH, Margarita",Socialist Alliance,0
VIC,219,Isaacs,4152,Mentone North,K,21114,2,"FIREBRACE, Sharon",Socialist Alliance,0
VIC,219,Isaacs,4152,Mentone North,K,21116,3,"GUY, Ron",Socialist Alliance,0
VIC,219,Isaacs,4152,Mentone North,L,22116,0,L Ticket Votes,Citizens Electoral Council,1
VIC,219,Isaacs,4152,Mentone North,L,20771,1,"MITCHELL, Doug",Citizens Electoral Council,0
VIC,219,Isaacs,4152,Mentone North,L,20775,2,"ISHERWOOD, Katherine",Citizens Electoral Council,0
VIC,219,Isaacs,4152,Mentone North,M,22135,0,M Ticket Votes,Building Australia,2
VIC,219,Isaacs,4152,Mentone North,M,21982,1,"EVANS, Darren",Building Australia,0
VIC,219,Isaacs,4152,Mentone North,M,21983,2,"WHITE, Sam",Building Australia,0
VIC,219,Isaacs,4152,Mentone North,N,22127,0,N Ticket Votes,One Nation,0
VIC,219,Isaacs,4152,Mentone North,N,21700,1,"TOWNSEND, Rosalyn",One Nation,1
VIC,219,Isaacs,4152,Mentone North,N,21704,2,"TOWNSEND, Phillip",One Nation,0
VIC,219,Isaacs,4152,Mentone North,O,22118,0,O Ticket Votes,Liberal/The Nationals,445
VIC,219,Isaacs,4152,Mentone North,O,21950,1,"RONALDSON, Michael",Liberal,3
VIC,219,Isaacs,4152,Mentone North,O,21952,2,"McKENZIE, Bridget",The Nationals,1
VIC,219,Isaacs,4152,Mentone North,O,21954,3,"McGAURAN, Julian",Liberal,0
VIC,219,Isaacs,4152,Mentone North,O,21956,4,"JENNISON, Susan",Liberal,0
VIC,219,Isaacs,4152,Mentone North,P,22132,0,P Ticket Votes,Christian Democratic Party,7
VIC,219,Isaacs,4152,Mentone North,P,21894,1,"JANSON, Vickie",Christian Democratic Party,0
VIC,219,Isaacs,4152,Mentone North,P,21911,2,"EDDY-VEITZ, BEN",Christian Democratic Party,0
VIC,219,Isaacs,4152,Mentone North,Q,22124,0,Q Ticket Votes,Australian Labor Party,420
VIC,219,Isaacs,4152,Mentone North,Q,21330,1,"CARR, Kim John",Australian Labor Party,4
VIC,219,Isaacs,4152,Mentone North,Q,21337,2,"CONROY, Stephen Michael",Australian Labor Party,0
VIC,219,Isaacs,4152,Mentone North,Q,21344,3,"THOW, Antony",Australian Labor Party,1
VIC,219,Isaacs,4152,Mentone North,Q,21347,4,"LEWIS, Marg",Australian Labor Party,0
VIC,219,Isaacs,4152,Mentone North,Q,21358,5,"FREEMAN, Shelly",Australian Labor Party,0
VIC,219,Isaacs,4152,Mentone North,R,22120,0,R Ticket Votes,Secular Party of Australia,0
VIC,219,Isaacs,4152,Mentone North,R,20874,1,"PERKINS, John Leslie",Secular Party of Australia,0
VIC,219,Isaacs,4152,Mentone North,R,20877,2,"SCEATS, Rosemary Elizabeth",Secular Party of Australia,0
VIC,219,Isaacs,4152,Mentone North,S,22134,0,S Ticket Votes,Carers Alliance,1
VIC,219,Isaacs,4152,Mentone North,S,21941,1,"MONTEAGLE, Christopher",Carers Alliance,0
VIC,219,Isaacs,4152,Mentone North,S,21942,2,"PEACOCK, Wendy",Carers Alliance,0
VIC,219,Isaacs,4152,Mentone North,T,22122,0,T Ticket Votes,Liberal Democrats (LDP),26
VIC,219,Isaacs,4152,Mentone North,T,21251,1,"CURRIE, Ross",Liberal Democrats (LDP),0
VIC,219,Isaacs,4152,Mentone North,T,21310,2,"KLASS, Graeme Michael",Liberal Democrats (LDP),0
VIC,219,Isaacs,4152,Mentone North,U,22133,0,U Ticket Votes,,1
VIC,219,Isaacs,4152,Mentone North,U,21913,1,"MAYNE, Stephen",,0
VIC,219,Isaacs,4152,Mentone North,U,21914,2,"PICCININI, Paula",,0
VIC,219,Isaacs,4152,Mentone North,UG,20887,1,"BEALE, Grant",Independent,0
VIC,219,Isaacs,4152,Mentone North,UG,21428,2,"SHEA, Glenn",Independent,0
VIC,219,Isaacs,4152,Mentone North,ZZ,0,99,INFORMAL,,48
VIC,219,Isaacs,4154,Mordialloc East,A,22119,0,A Ticket Votes,Socialist Equality Party,10
VIC,219,Isaacs,4154,Mordialloc East,A,20946,1,"O'CONNOR, Patrick",Socialist Equality Party,1
VIC,219,Isaacs,4154,Mordialloc East,A,20951,2,"VONGVIXAY, Keo",Socialist Equality Party,0
VIC,219,Isaacs,4154,Mordialloc East,B,22126,0,B Ticket Votes,,2
VIC,219,Isaacs,4154,Mordialloc East,B,21509,1,"TOSCANO, Joseph",,0
VIC,219,Isaacs,4154,Mordialloc East,B,21512,2,"WARFE, Jenny",,1
VIC,219,Isaacs,4154,Mordialloc East,B,21514,3,"SADAUSKAS, Andrew",,0
VIC,219,Isaacs,4154,Mordialloc East,C,22129,0,C Ticket Votes,Family First,21
VIC,219,Isaacs,4154,Mordialloc East,C,21716,1,"FIELDING, Steven",Family First,2
VIC,219,Isaacs,4154,Mordialloc East,C,21728,2,"PLUMRIDGE, Gary",Family First,0
VIC,219,Isaacs,4154,Mordialloc East,C,21732,3,"BOWN SEELEY, Ann Edith",Family First,0
VIC,219,Isaacs,4154,Mordialloc East,C,21735,4,"GOH, Yuli",Family First,0
VIC,219,Isaacs,4154,Mordialloc East,C,21737,5,"KHOO, Joyce",Family First,0
VIC,219,Isaacs,4154,Mordialloc East,D,22131,0,D Ticket Votes,Australian Greens,373
VIC,219,Isaacs,4154,Mordialloc East,D,21875,1,"DI NATALE, Richard",Australian Greens,22
VIC,219,Isaacs,4154,Mordialloc East,D,21877,2,"RICE, Janet",Australian Greens,1
VIC,219,Isaacs,4154,Mordialloc East,D,21878,3,"BUI, Nam",Australian Greens,0
VIC,219,Isaacs,4154,Mordialloc East,D,21883,4,"HARGRAVE, Jen",Australian Greens,1
VIC,219,Isaacs,4154,Mordialloc East,D,21885,5,"RIVENDELL, Julie",Australian Greens,1
VIC,219,Isaacs,4154,Mordialloc East,D,21887,6,"SHNOOKAL, Liezl",Australian Greens,1
VIC,219,Isaacs,4154,Mordialloc East,E,22123,0,E Ticket Votes,Senator On-Line,3
VIC,219,Isaacs,4154,Mordialloc East,E,21434,1,"SARGENT, Glenn R",Senator On-Line,0
VIC,219,Isaacs,4154,Mordialloc East,E,21437,2,"WARDLE, Emma Louise",Senator On-Line,0
VIC,219,Isaacs,4154,Mordialloc East,F,22136,0,F Ticket Votes,Democratic Labor Party (DLP) of Australia,45
VIC,219,Isaacs,4154,Mordialloc East,F,21985,1,"MADIGAN, John",Democratic Labor Party (DLP) of Australia,0
VIC,219,Isaacs,4154,Mordialloc East,F,21987,2,"GONSALVEZ, Geraldine",Democratic Labor Party (DLP) of Australia,0
VIC,219,Isaacs,4154,Mordialloc East,F,21989,3,"KAVANAGH, John",Democratic Labor Party (DLP) of Australia,0
VIC,219,Isaacs,4154,Mordialloc East,G,22128,0,G Ticket Votes,Australian Democrats,15
VIC,219,Isaacs,4154,Mordialloc East,G,21708,1,"HOWE, Roger",Australian Democrats,2
VIC,219,Isaacs,4154,Mordialloc East,G,21711,2,"WESTGARTH, Rick",Australian Democrats,0
VIC,219,Isaacs,4154,Mordialloc East,H,22125,0,H Ticket Votes,Shooters and Fishers,8
VIC,219,Isaacs,4154,Mordialloc East,H,21443,1,"KELLY, Peter Maxwell",Shooters and Fishers,0
VIC,219,Isaacs,4154,Mordialloc East,H,21445,2,"KRSTIC, Alex",Shooters and Fishers,0
VIC,219,Isaacs,4154,Mordialloc East,I,22117,0,I Ticket Votes,Australian Sex Party,48
VIC,219,Isaacs,4154,Mordialloc East,I,20835,1,"PATTEN, Fiona",Australian Sex Party,3
VIC,219,Isaacs,4154,Mordialloc East,I,20836,2,"WILSON, Emma",Australian Sex Party,0
VIC,219,Isaacs,4154,Mordialloc East,I,20837,3,"BLAKEY, Katie",Australian Sex Party,0
VIC,219,Isaacs,4154,Mordialloc East,J,22130,0,J Ticket Votes,The Climate Sceptics,10
VIC,219,Isaacs,4154,Mordialloc East,J,21869,1,"DAWSON, Chris",The Climate Sceptics,0
VIC,219,Isaacs,4154,Mordialloc East,J,21872,2,"HOLMES, Lee",The Climate Sceptics,0
VIC,219,Isaacs,4154,Mordialloc East,K,22121,0,K Ticket Votes,Socialist Alliance,2
VIC,219,Isaacs,4154,Mordialloc East,K,21108,1,"WINDISCH, Margarita",Socialist Alliance,2
VIC,219,Isaacs,4154,Mordialloc East,K,21114,2,"FIREBRACE, Sharon",Socialist Alliance,0
VIC,219,Isaacs,4154,Mordialloc East,K,21116,3,"GUY, Ron",Socialist Alliance,0
VIC,219,Isaacs,4154,Mordialloc East,L,22116,0,L Ticket Votes,Citizens Electoral Council,0
VIC,219,Isaacs,4154,Mordialloc East,L,20771,1,"MITCHELL, Doug",Citizens Electoral Council,0
VIC,219,Isaacs,4154,Mordialloc East,L,20775,2,"ISHERWOOD, Katherine",Citizens Electoral Council,0
VIC,219,Isaacs,4154,Mordialloc East,M,22135,0,M Ticket Votes,Building Australia,1
VIC,219,Isaacs,4154,Mordialloc East,M,21982,1,"EVANS, Darren",Building Australia,0
VIC,219,Isaacs,4154,Mordialloc East,M,21983,2,"WHITE, Sam",Building Australia,0
VIC,219,Isaacs,4154,Mordialloc East,N,22127,0,N Ticket Votes,One Nation,7
VIC,219,Isaacs,4154,Mordialloc East,N,21700,1,"TOWNSEND, Rosalyn",One Nation,0
VIC,219,Isaacs,4154,Mordialloc East,N,21704,2,"TOWNSEND, Phillip",One Nation,0
VIC,219,Isaacs,4154,Mordialloc East,O,22118,0,O Ticket Votes,Liberal/The Nationals,707
VIC,219,Isaacs,4154,Mordialloc East,O,21950,1,"RONALDSON, Michael",Liberal,11
VIC,219,Isaacs,4154,Mordialloc East,O,21952,2,"McKENZIE, Bridget",The Nationals,0
VIC,219,Isaacs,4154,Mordialloc East,O,21954,3,"McGAURAN, Julian",Liberal,1
VIC,219,Isaacs,4154,Mordialloc East,O,21956,4,"JENNISON, Susan",Liberal,0
VIC,219,Isaacs,4154,Mordialloc East,P,22132,0,P Ticket Votes,Christian Democratic Party,8
VIC,219,Isaacs,4154,Mordialloc East,P,21894,1,"JANSON, Vickie",Christian Democratic Party,1
VIC,219,Isaacs,4154,Mordialloc East,P,21911,2,"EDDY-VEITZ, BEN",Christian Democratic Party,0
VIC,219,Isaacs,4154,Mordialloc East,Q,22124,0,Q Ticket Votes,Australian Labor Party,786
VIC,219,Isaacs,4154,Mordialloc East,Q,21330,1,"CARR, Kim John",Australian Labor Party,3
VIC,219,Isaacs,4154,Mordialloc East,Q,21337,2,"CONROY, Stephen Michael",Australian Labor Party,0
VIC,219,Isaacs,4154,Mordialloc East,Q,21344,3,"THOW, Antony",Australian Labor Party,0
VIC,219,Isaacs,4154,Mordialloc East,Q,21347,4,"LEWIS, Marg",Australian Labor Party,1
VIC,219,Isaacs,4154,Mordialloc East,Q,21358,5,"FREEMAN, Shelly",Australian Labor Party,2
VIC,219,Isaacs,4154,Mordialloc East,R,22120,0,R Ticket Votes,Secular Party of Australia,1
VIC,219,Isaacs,4154,Mordialloc East,R,20874,1,"PERKINS, John Leslie",Secular Party of Australia,1
VIC,219,Isaacs,4154,Mordialloc East,R,20877,2,"SCEATS, Rosemary Elizabeth",Secular Party of Australia,0
VIC,219,Isaacs,4154,Mordialloc East,S,22134,0,S Ticket Votes,Carers Alliance,4
VIC,219,Isaacs,4154,Mordialloc East,S,21941,1,"MONTEAGLE, Christopher",Carers Alliance,0
VIC,219,Isaacs,4154,Mordialloc East,S,21942,2,"PEACOCK, Wendy",Carers Alliance,0
VIC,219,Isaacs,4154,Mordialloc East,T,22122,0,T Ticket Votes,Liberal Democrats (LDP),27
VIC,219,Isaacs,4154,Mordialloc East,T,21251,1,"CURRIE, Ross",Liberal Democrats (LDP),0
VIC,219,Isaacs,4154,Mordialloc East,T,21310,2,"KLASS, Graeme Michael",Liberal Democrats (LDP),0
VIC,219,Isaacs,4154,Mordialloc East,U,22133,0,U Ticket Votes,,0
VIC,219,Isaacs,4154,Mordialloc East,U,21913,1,"MAYNE, Stephen",,1
VIC,219,Isaacs,4154,Mordialloc East,U,21914,2,"PICCININI, Paula",,0
VIC,219,Isaacs,4154,Mordialloc East,UG,20887,1,"BEALE, Grant",Independent,0
VIC,219,Isaacs,4154,Mordialloc East,UG,21428,2,"SHEA, Glenn",Independent,1
VIC,219,Isaacs,4154,Mordialloc East,ZZ,0,99,INFORMAL,,89
VIC,219,Isaacs,4155,Parkdale,A,22119,0,A Ticket Votes,Socialist Equality Party,2
VIC,219,Isaacs,4155,Parkdale,A,20946,1,"O'CONNOR, Patrick",Socialist Equality Party,1
VIC,219,Isaacs,4155,Parkdale,A,20951,2,"VONGVIXAY, Keo",Socialist Equality Party,0
VIC,219,Isaacs,4155,Parkdale,B,22126,0,B Ticket Votes,,2
VIC,219,Isaacs,4155,Parkdale,B,21509,1,"TOSCANO, Joseph",,4
VIC,219,Isaacs,4155,Parkdale,B,21512,2,"WARFE, Jenny",,0
VIC,219,Isaacs,4155,Parkdale,B,21514,3,"SADAUSKAS, Andrew",,0
VIC,219,Isaacs,4155,Parkdale,C,22129,0,C Ticket Votes,Family First,60
VIC,219,Isaacs,4155,Parkdale,C,21716,1,"FIELDING, Steven",Family First,5
VIC,219,Isaacs,4155,Parkdale,C,21728,2,"PLUMRIDGE, Gary",Family First,0
VIC,219,Isaacs,4155,Parkdale,C,21732,3,"BOWN SEELEY, Ann Edith",Family First,0
VIC,219,Isaacs,4155,Parkdale,C,21735,4,"GOH, Yuli",Family First,0
VIC,219,Isaacs,4155,Parkdale,C,21737,5,"KHOO, Joyce",Family First,0
VIC,219,Isaacs,4155,Parkdale,D,22131,0,D Ticket Votes,Australian Greens,455
VIC,219,Isaacs,4155,Parkdale,D,21875,1,"DI NATALE, Richard",Australian Greens,36
VIC,219,Isaacs,4155,Parkdale,D,21877,2,"RICE, Janet",Australian Greens,3
VIC,219,Isaacs,4155,Parkdale,D,21878,3,"BUI, Nam",Australian Greens,0
VIC,219,Isaacs,4155,Parkdale,D,21883,4,"HARGRAVE, Jen",Australian Greens,0
VIC,219,Isaacs,4155,Parkdale,D,21885,5,"RIVENDELL, Julie",Australian Greens,1
VIC,219,Isaacs,4155,Parkdale,D,21887,6,"SHNOOKAL, Liezl",Australian Greens,2
VIC,219,Isaacs,4155,Parkdale,E,22123,0,E Ticket Votes,Senator On-Line,2
VIC,219,Isaacs,4155,Parkdale,E,21434,1,"SARGENT, Glenn R",Senator On-Line,1
VIC,219,Isaacs,4155,Parkdale,E,21437,2,"WARDLE, Emma Louise",Senator On-Line,0
VIC,219,Isaacs,4155,Parkdale,F,22136,0,F Ticket Votes,Democratic Labor Party (DLP) of Australia,37
VIC,219,Isaacs,4155,Parkdale,F,21985,1,"MADIGAN, John",Democratic Labor Party (DLP) of Australia,3
VIC,219,Isaacs,4155,Parkdale,F,21987,2,"GONSALVEZ, Geraldine",Democratic Labor Party (DLP) of Australia,0
VIC,219,Isaacs,4155,Parkdale,F,21989,3,"KAVANAGH, John",Democratic Labor Party (DLP) of Australia,0
VIC,219,Isaacs,4155,Parkdale,G,22128,0,G Ticket Votes,Australian Democrats,12
VIC,219,Isaacs,4155,Parkdale,G,21708,1,"HOWE, Roger",Australian Democrats,2
VIC,219,Isaacs,4155,Parkdale,G,21711,2,"WESTGARTH, Rick",Australian Democrats,0
VIC,219,Isaacs,4155,Parkdale,H,22125,0,H Ticket Votes,Shooters and Fishers,17
VIC,219,Isaacs,4155,Parkdale,H,21443,1,"KELLY, Peter Maxwell",Shooters and Fishers,0
VIC,219,Isaacs,4155,Parkdale,H,21445,2,"KRSTIC, Alex",Shooters and Fishers,0
VIC,219,Isaacs,4155,Parkdale,I,22117,0,I Ticket Votes,Australian Sex Party,47
VIC,219,Isaacs,4155,Parkdale,I,20835,1,"PATTEN, Fiona",Australian Sex Party,4
VIC,219,Isaacs,4155,Parkdale,I,20836,2,"WILSON, Emma",Australian Sex Party,0
VIC,219,Isaacs,4155,Parkdale,I,20837,3,"BLAKEY, Katie",Australian Sex Party,0
VIC,219,Isaacs,4155,Parkdale,J,22130,0,J Ticket Votes,The Climate Sceptics,4
VIC,219,Isaacs,4155,Parkdale,J,21869,1,"DAWSON, Chris",The Climate Sceptics,0
VIC,219,Isaacs,4155,Parkdale,J,21872,2,"HOLMES, Lee",The Climate Sceptics,0
VIC,219,Isaacs,4155,Parkdale,K,22121,0,K Ticket Votes,Socialist Alliance,1
VIC,219,Isaacs,4155,Parkdale,K,21108,1,"WINDISCH, Margarita",Socialist Alliance,0
VIC,219,Isaacs,4155,Parkdale,K,21114,2,"FIREBRACE, Sharon",Socialist Alliance,0
VIC,219,Isaacs,4155,Parkdale,K,21116,3,"GUY, Ron",Socialist Alliance,0
VIC,219,Isaacs,4155,Parkdale,L,22116,0,L Ticket Votes,Citizens Electoral Council,1
VIC,219,Isaacs,4155,Parkdale,L,20771,1,"MITCHELL, Doug",Citizens Electoral Council,0
VIC,219,Isaacs,4155,Parkdale,L,20775,2,"ISHERWOOD, Katherine",Citizens Electoral Council,0
VIC,219,Isaacs,4155,Parkdale,M,22135,0,M Ticket Votes,Building Australia,4
VIC,219,Isaacs,4155,Parkdale,M,21982,1,"EVANS, Darren",Building Australia,0
VIC,219,Isaacs,4155,Parkdale,M,21983,2,"WHITE, Sam",Building Australia,0
VIC,219,Isaacs,4155,Parkdale,N,22127,0,N Ticket Votes,One Nation,4
VIC,219,Isaacs,4155,Parkdale,N,21700,1,"TOWNSEND, Rosalyn",One Nation,1
VIC,219,Isaacs,4155,Parkdale,N,21704,2,"TOWNSEND, Phillip",One Nation,0
VIC,219,Isaacs,4155,Parkdale,O,22118,0,O Ticket Votes,Liberal/The Nationals,1072
VIC,219,Isaacs,4155,Parkdale,O,21950,1,"RONALDSON, Michael",Liberal,8
VIC,219,Isaacs,4155,Parkdale,O,21952,2,"McKENZIE, Bridget",The Nationals,0
VIC,219,Isaacs,4155,Parkdale,O,21954,3,"McGAURAN, Julian",Liberal,1
VIC,219,Isaacs,4155,Parkdale,O,21956,4,"JENNISON, Susan",Liberal,1
VIC,219,Isaacs,4155,Parkdale,P,22132,0,P Ticket Votes,Christian Democratic Party,4
VIC,219,Isaacs,4155,Parkdale,P,21894,1,"JANSON, Vickie",Christian Democratic Party,2
VIC,219,Isaacs,4155,Parkdale,P,21911,2,"EDDY-VEITZ, BEN",Christian Democratic Party,0
VIC,219,Isaacs,4155,Parkdale,Q,22124,0,Q Ticket Votes,Australian Labor Party,904
VIC,219,Isaacs,4155,Parkdale,Q,21330,1,"CARR, Kim John",Australian Labor Party,7
VIC,219,Isaacs,4155,Parkdale,Q,21337,2,"CONROY, Stephen Michael",Australian Labor Party,1
VIC,219,Isaacs,4155,Parkdale,Q,21344,3,"THOW, Antony",Australian Labor Party,0
VIC,219,Isaacs,4155,Parkdale,Q,21347,4,"LEWIS, Marg",Australian Labor Party,1
VIC,219,Isaacs,4155,Parkdale,Q,21358,5,"FREEMAN, Shelly",Australian Labor Party,0
VIC,219,Isaacs,4155,Parkdale,R,22120,0,R Ticket Votes,Secular Party of Australia,6
VIC,219,Isaacs,4155,Parkdale,R,20874,1,"PERKINS, John Leslie",Secular Party of Australia,1
VIC,219,Isaacs,4155,Parkdale,R,20877,2,"SCEATS, Rosemary Elizabeth",Secular Party of Australia,0
VIC,219,Isaacs,4155,Parkdale,S,22134,0,S Ticket Votes,Carers Alliance,1
VIC,219,Isaacs,4155,Parkdale,S,21941,1,"MONTEAGLE, Christopher",Carers Alliance,1
VIC,219,Isaacs,4155,Parkdale,S,21942,2,"PEACOCK, Wendy",Carers Alliance,0
VIC,219,Isaacs,4155,Parkdale,T,22122,0,T Ticket Votes,Liberal Democrats (LDP),26
VIC,219,Isaacs,4155,Parkdale,T,21251,1,"CURRIE, Ross",Liberal Democrats (LDP),1
VIC,219,Isaacs,4155,Parkdale,T,21310,2,"KLASS, Graeme Michael",Liberal Democrats (LDP),0
VIC,219,Isaacs,4155,Parkdale,U,22133,0,U Ticket Votes,,2
VIC,219,Isaacs,4155,Parkdale,U,21913,1,"MAYNE, Stephen",,1
VIC,219,Isaacs,4155,Parkdale,U,21914,2,"PICCININI, Paula",,0
VIC,219,Isaacs,4155,Parkdale,UG,20887,1,"BEALE, Grant",Independent,0
VIC,219,Isaacs,4155,Parkdale,UG,21428,2,"SHEA, Glenn",Independent,0
VIC,219,Isaacs,4155,Parkdale,ZZ,0,99,INFORMAL,,70
VIC,219,Isaacs,4156,Parkdale Central,A,22119,0,A Ticket Votes,Socialist Equality Party,1
VIC,219,Isaacs,4156,Parkdale Central,A,20946,1,"O'CONNOR, Patrick",Socialist Equality Party,0
VIC,219,Isaacs,4156,Parkdale Central,A,20951,2,"VONGVIXAY, Keo",Socialist Equality Party,0
VIC,219,Isaacs,4156,Parkdale Central,B,22126,0,B Ticket Votes,,2
VIC,219,Isaacs,4156,Parkdale Central,B,21509,1,"TOSCANO, Joseph",,0
VIC,219,Isaacs,4156,Parkdale Central,B,21512,2,"WARFE, Jenny",,0
VIC,219,Isaacs,4156,Parkdale Central,B,21514,3,"SADAUSKAS, Andrew",,0
VIC,219,Isaacs,4156,Parkdale Central,C,22129,0,C Ticket Votes,Family First,13
VIC,219,Isaacs,4156,Parkdale Central,C,21716,1,"FIELDING, Steven",Family First,1
VIC,219,Isaacs,4156,Parkdale Central,C,21728,2,"PLUMRIDGE, Gary",Family First,0
VIC,219,Isaacs,4156,Parkdale Central,C,21732,3,"BOWN SEELEY, Ann Edith",Family First,0
VIC,219,Isaacs,4156,Parkdale Central,C,21735,4,"GOH, Yuli",Family First,0
VIC,219,Isaacs,4156,Parkdale Central,C,21737,5,"KHOO, Joyce",Family First,0
VIC,219,Isaacs,4156,Parkdale Central,D,22131,0,D Ticket Votes,Australian Greens,257
VIC,219,Isaacs,4156,Parkdale Central,D,21875,1,"DI NATALE, Richard",Australian Greens,19
VIC,219,Isaacs,4156,Parkdale Central,D,21877,2,"RICE, Janet",Australian Greens,1
VIC,219,Isaacs,4156,Parkdale Central,D,21878,3,"BUI, Nam",Australian Greens,1
VIC,219,Isaacs,4156,Parkdale Central,D,21883,4,"HARGRAVE, Jen",Australian Greens,0
VIC,219,Isaacs,4156,Parkdale Central,D,21885,5,"RIVENDELL, Julie",Australian Greens,0
VIC,219,Isaacs,4156,Parkdale Central,D,21887,6,"SHNOOKAL, Liezl",Australian Greens,2
VIC,219,Isaacs,4156,Parkdale Central,E,22123,0,E Ticket Votes,Senator On-Line,2
VIC,219,Isaacs,4156,Parkdale Central,E,21434,1,"SARGENT, Glenn R",Senator On-Line,0
VIC,219,Isaacs,4156,Parkdale Central,E,21437,2,"WARDLE, Emma Louise",Senator On-Line,0
VIC,219,Isaacs,4156,Parkdale Central,F,22136,0,F Ticket Votes,Democratic Labor Party (DLP) of Australia,11
VIC,219,Isaacs,4156,Parkdale Central,F,21985,1,"MADIGAN, John",Democratic Labor Party (DLP) of Australia,0
VIC,219,Isaacs,4156,Parkdale Central,F,21987,2,"GONSALVEZ, Geraldine",Democratic Labor Party (DLP) of Australia,0
VIC,219,Isaacs,4156,Parkdale Central,F,21989,3,"KAVANAGH, John",Democratic Labor Party (DLP) of Australia,0
VIC,219,Isaacs,4156,Parkdale Central,G,22128,0,G Ticket Votes,Australian Democrats,7
VIC,219,Isaacs,4156,Parkdale Central,G,21708,1,"HOWE, Roger",Australian Democrats,0
VIC,219,Isaacs,4156,Parkdale Central,G,21711,2,"WESTGARTH, Rick",Australian Democrats,0
VIC,219,Isaacs,4156,Parkdale Central,H,22125,0,H Ticket Votes,Shooters and Fishers,6
VIC,219,Isaacs,4156,Parkdale Central,H,21443,1,"KELLY, Peter Maxwell",Shooters and Fishers,0
VIC,219,Isaacs,4156,Parkdale Central,H,21445,2,"KRSTIC, Alex",Shooters and Fishers,0
VIC,219,Isaacs,4156,Parkdale Central,I,22117,0,I Ticket Votes,Australian Sex Party,30
VIC,219,Isaacs,4156,Parkdale Central,I,20835,1,"PATTEN, Fiona",Australian Sex Party,4
VIC,219,Isaacs,4156,Parkdale Central,I,20836,2,"WILSON, Emma",Australian Sex Party,0
VIC,219,Isaacs,4156,Parkdale Central,I,20837,3,"BLAKEY, Katie",Australian Sex Party,1
VIC,219,Isaacs,4156,Parkdale Central,J,22130,0,J Ticket Votes,The Climate Sceptics,1
VIC,219,Isaacs,4156,Parkdale Central,J,21869,1,"DAWSON, Chris",The Climate Sceptics,0
VIC,219,Isaacs,4156,Parkdale Central,J,21872,2,"HOLMES, Lee",The Climate Sceptics,0
VIC,219,Isaacs,4156,Parkdale Central,K,22121,0,K Ticket Votes,Socialist Alliance,2
VIC,219,Isaacs,4156,Parkdale Central,K,21108,1,"WINDISCH, Margarita",Socialist Alliance,0
VIC,219,Isaacs,4156,Parkdale Central,K,21114,2,"FIREBRACE, Sharon",Socialist Alliance,0
VIC,219,Isaacs,4156,Parkdale Central,K,21116,3,"GUY, Ron",Socialist Alliance,0
VIC,219,Isaacs,4156,Parkdale Central,L,22116,0,L Ticket Votes,Citizens Electoral Council,0
VIC,219,Isaacs,4156,Parkdale Central,L,20771,1,"MITCHELL, Doug",Citizens Electoral Council,0
VIC,219,Isaacs,4156,Parkdale Central,L,20775,2,"ISHERWOOD, Katherine",Citizens Electoral Council,0
VIC,219,Isaacs,4156,Parkdale Central,M,22135,0,M Ticket Votes,Building Australia,2
VIC,219,Isaacs,4156,Parkdale Central,M,21982,1,"EVANS, Darren",Building Australia,0
VIC,219,Isaacs,4156,Parkdale Central,M,21983,2,"WHITE, Sam",Building Australia,0
VIC,219,Isaacs,4156,Parkdale Central,N,22127,0,N Ticket Votes,One Nation,7
VIC,219,Isaacs,4156,Parkdale Central,N,21700,1,"TOWNSEND, Rosalyn",One Nation,0
VIC,219,Isaacs,4156,Parkdale Central,N,21704,2,"TOWNSEND, Phillip",One Nation,0
VIC,219,Isaacs,4156,Parkdale Central,O,22118,0,O Ticket Votes,Liberal/The Nationals,530
VIC,219,Isaacs,4156,Parkdale Central,O,21950,1,"RONALDSON, Michael",Liberal,5
VIC,219,Isaacs,4156,Parkdale Central,O,21952,2,"McKENZIE, Bridget",The Nationals,0
VIC,219,Isaacs,4156,Parkdale Central,O,21954,3,"McGAURAN, Julian",Liberal,0
VIC,219,Isaacs,4156,Parkdale Central,O,21956,4,"JENNISON, Susan",Liberal,0
VIC,219,Isaacs,4156,Parkdale Central,P,22132,0,P Ticket Votes,Christian Democratic Party,4
VIC,219,Isaacs,4156,Parkdale Central,P,21894,1,"JANSON, Vickie",Christian Democratic Party,0
VIC,219,Isaacs,4156,Parkdale Central,P,21911,2,"EDDY-VEITZ, BEN",Christian Democratic Party,0
VIC,219,Isaacs,4156,Parkdale Central,Q,22124,0,Q Ticket Votes,Australian Labor Party,499
VIC,219,Isaacs,4156,Parkdale Central,Q,21330,1,"CARR, Kim John",Australian Labor Party,5
VIC,219,Isaacs,4156,Parkdale Central,Q,21337,2,"CONROY, Stephen Michael",Australian Labor Party,2
VIC,219,Isaacs,4156,Parkdale Central,Q,21344,3,"THOW, Antony",Australian Labor Party,0
VIC,219,Isaacs,4156,Parkdale Central,Q,21347,4,"LEWIS, Marg",Australian Labor Party,0
VIC,219,Isaacs,4156,Parkdale Central,Q,21358,5,"FREEMAN, Shelly",Australian Labor Party,0
VIC,219,Isaacs,4156,Parkdale Central,R,22120,0,R Ticket Votes,Secular Party of Australia,0
VIC,219,Isaacs,4156,Parkdale Central,R,20874,1,"PERKINS, John Leslie",Secular Party of Australia,0
VIC,219,Isaacs,4156,Parkdale Central,R,20877,2,"SCEATS, Rosemary Elizabeth",Secular Party of Australia,0
VIC,219,Isaacs,4156,Parkdale Central,S,22134,0,S Ticket Votes,Carers Alliance,2
VIC,219,Isaacs,4156,Parkdale Central,S,21941,1,"MONTEAGLE, Christopher",Carers Alliance,0
VIC,219,Isaacs,4156,Parkdale Central,S,21942,2,"PEACOCK, Wendy",Carers Alliance,0
VIC,219,Isaacs,4156,Parkdale Central,T,22122,0,T Ticket Votes,Liberal Democrats (LDP),28
VIC,219,Isaacs,4156,Parkdale Central,T,21251,1,"CURRIE, Ross",Liberal Democrats (LDP),0
VIC,219,Isaacs,4156,Parkdale Central,T,21310,2,"KLASS, Graeme Michael",Liberal Democrats (LDP),0
VIC,219,Isaacs,4156,Parkdale Central,U,22133,0,U Ticket Votes,,2
VIC,219,Isaacs,4156,Parkdale Central,U,21913,1,"MAYNE, Stephen",,6
VIC,219,Isaacs,4156,Parkdale Central,U,21914,2,"PICCININI, Paula",,0
VIC,219,Isaacs,4156,Parkdale Central,UG,20887,1,"BEALE, Grant",Independent,0
VIC,219,Isaacs,4156,Parkdale Central,UG,21428,2,"SHEA, Glenn",Independent,0
VIC,219,Isaacs,4156,Parkdale Central,ZZ,0,99,INFORMAL,,35
VIC,219,Isaacs,4157,Parkdale East,A,22119,0,A Ticket Votes,Socialist Equality Party,4
VIC,219,Isaacs,4157,Parkdale East,A,20946,1,"O'CONNOR, Patrick",Socialist Equality Party,1
VIC,219,Isaacs,4157,Parkdale East,A,20951,2,"VONGVIXAY, Keo",Socialist Equality Party,0
VIC,219,Isaacs,4157,Parkdale East,B,22126,0,B Ticket Votes,,0
VIC,219,Isaacs,4157,Parkdale East,B,21509,1,"TOSCANO, Joseph",,0
VIC,219,Isaacs,4157,Parkdale East,B,21512,2,"WARFE, Jenny",,1
VIC,219,Isaacs,4157,Parkdale East,B,21514,3,"SADAUSKAS, Andrew",,0
VIC,219,Isaacs,4157,Parkdale East,C,22129,0,C Ticket Votes,Family First,32
VIC,219,Isaacs,4157,Parkdale East,C,21716,1,"FIELDING, Steven",Family First,5
VIC,219,Isaacs,4157,Parkdale East,C,21728,2,"PLUMRIDGE, Gary",Family First,0
VIC,219,Isaacs,4157,Parkdale East,C,21732,3,"BOWN SEELEY, Ann Edith",Family First,0
VIC,219,Isaacs,4157,Parkdale East,C,21735,4,"GOH, Yuli",Family First,0
VIC,219,Isaacs,4157,Parkdale East,C,21737,5,"KHOO, Joyce",Family First,0
VIC,219,Isaacs,4157,Parkdale East,D,22131,0,D Ticket Votes,Australian Greens,411
VIC,219,Isaacs,4157,Parkdale East,D,21875,1,"DI NATALE, Richard",Australian Greens,24
VIC,219,Isaacs,4157,Parkdale East,D,21877,2,"RICE, Janet",Australian Greens,1
VIC,219,Isaacs,4157,Parkdale East,D,21878,3,"BUI, Nam",Australian Greens,0
VIC,219,Isaacs,4157,Parkdale East,D,21883,4,"HARGRAVE, Jen",Australian Greens,0
VIC,219,Isaacs,4157,Parkdale East,D,21885,5,"RIVENDELL, Julie",Australian Greens,2
VIC,219,Isaacs,4157,Parkdale East,D,21887,6,"SHNOOKAL, Liezl",Australian Greens,0
VIC,219,Isaacs,4157,Parkdale East,E,22123,0,E Ticket Votes,Senator On-Line,2
VIC,219,Isaacs,4157,Parkdale East,E,21434,1,"SARGENT, Glenn R",Senator On-Line,0
VIC,219,Isaacs,4157,Parkdale East,E,21437,2,"WARDLE, Emma Louise",Senator On-Line,0
VIC,219,Isaacs,4157,Parkdale East,F,22136,0,F Ticket Votes,Democratic Labor Party (DLP) of Australia,46
VIC,219,Isaacs,4157,Parkdale East,F,21985,1,"MADIGAN, John",Democratic Labor Party (DLP) of Australia,1
VIC,219,Isaacs,4157,Parkdale East,F,21987,2,"GONSALVEZ, Geraldine",Democratic Labor Party (DLP) of Australia,0
VIC,219,Isaacs,4157,Parkdale East,F,21989,3,"KAVANAGH, John",Democratic Labor Party (DLP) of Australia,0
VIC,219,Isaacs,4157,Parkdale East,G,22128,0,G Ticket Votes,Australian Democrats,11
VIC,219,Isaacs,4157,Parkdale East,G,21708,1,"HOWE, Roger",Australian Democrats,2
VIC,219,Isaacs,4157,Parkdale East,G,21711,2,"WESTGARTH, Rick",Australian Democrats,0
VIC,219,Isaacs,4157,Parkdale East,H,22125,0,H Ticket Votes,Shooters and Fishers,23
VIC,219,Isaacs,4157,Parkdale East,H,21443,1,"KELLY, Peter Maxwell",Shooters and Fishers,1
VIC,219,Isaacs,4157,Parkdale East,H,21445,2,"KRSTIC, Alex",Shooters and Fishers,0
VIC,219,Isaacs,4157,Parkdale East,I,22117,0,I Ticket Votes,Australian Sex Party,55
VIC,219,Isaacs,4157,Parkdale East,I,20835,1,"PATTEN, Fiona",Australian Sex Party,5
VIC,219,Isaacs,4157,Parkdale East,I,20836,2,"WILSON, Emma",Australian Sex Party,0
VIC,219,Isaacs,4157,Parkdale East,I,20837,3,"BLAKEY, Katie",Australian Sex Party,0
VIC,219,Isaacs,4157,Parkdale East,J,22130,0,J Ticket Votes,The Climate Sceptics,4
VIC,219,Isaacs,4157,Parkdale East,J,21869,1,"DAWSON, Chris",The Climate Sceptics,1
VIC,219,Isaacs,4157,Parkdale East,J,21872,2,"HOLMES, Lee",The Climate Sceptics,0
VIC,219,Isaacs,4157,Parkdale East,K,22121,0,K Ticket Votes,Socialist Alliance,2
VIC,219,Isaacs,4157,Parkdale East,K,21108,1,"WINDISCH, Margarita",Socialist Alliance,0
VIC,219,Isaacs,4157,Parkdale East,K,21114,2,"FIREBRACE, Sharon",Socialist Alliance,0
VIC,219,Isaacs,4157,Parkdale East,K,21116,3,"GUY, Ron",Socialist Alliance,0
VIC,219,Isaacs,4157,Parkdale East,L,22116,0,L Ticket Votes,Citizens Electoral Council,0
VIC,219,Isaacs,4157,Parkdale East,L,20771,1,"MITCHELL, Doug",Citizens Electoral Council,0
VIC,219,Isaacs,4157,Parkdale East,L,20775,2,"ISHERWOOD, Katherine",Citizens Electoral Council,0
VIC,219,Isaacs,4157,Parkdale East,M,22135,0,M Ticket Votes,Building Australia,4
VIC,219,Isaacs,4157,Parkdale East,M,21982,1,"EVANS, Darren",Building Australia,0
VIC,219,Isaacs,4157,Parkdale East,M,21983,2,"WHITE, Sam",Building Australia,0
VIC,219,Isaacs,4157,Parkdale East,N,22127,0,N Ticket Votes,One Nation,5
VIC,219,Isaacs,4157,Parkdale East,N,21700,1,"TOWNSEND, Rosalyn",One Nation,0
VIC,219,Isaacs,4157,Parkdale East,N,21704,2,"TOWNSEND, Phillip",One Nation,0
VIC,219,Isaacs,4157,Parkdale East,O,22118,0,O Ticket Votes,Liberal/The Nationals,883
VIC,219,Isaacs,4157,Parkdale East,O,21950,1,"RONALDSON, Michael",Liberal,5
VIC,219,Isaacs,4157,Parkdale East,O,21952,2,"McKENZIE, Bridget",The Nationals,1
VIC,219,Isaacs,4157,Parkdale East,O,21954,3,"McGAURAN, Julian",Liberal,3
VIC,219,Isaacs,4157,Parkdale East,O,21956,4,"JENNISON, Susan",Liberal,0
VIC,219,Isaacs,4157,Parkdale East,P,22132,0,P Ticket Votes,Christian Democratic Party,6
VIC,219,Isaacs,4157,Parkdale East,P,21894,1,"JANSON, Vickie",Christian Democratic Party,0
VIC,219,Isaacs,4157,Parkdale East,P,21911,2,"EDDY-VEITZ, BEN",Christian Democratic Party,0
VIC,219,Isaacs,4157,Parkdale East,Q,22124,0,Q Ticket Votes,Australian Labor Party,1010
VIC,219,Isaacs,4157,Parkdale East,Q,21330,1,"CARR, Kim John",Australian Labor Party,12
VIC,219,Isaacs,4157,Parkdale East,Q,21337,2,"CONROY, Stephen Michael",Australian Labor Party,0
VIC,219,Isaacs,4157,Parkdale East,Q,21344,3,"THOW, Antony",Australian Labor Party,0
VIC,219,Isaacs,4157,Parkdale East,Q,21347,4,"LEWIS, Marg",Australian Labor Party,0
VIC,219,Isaacs,4157,Parkdale East,Q,21358,5,"FREEMAN, Shelly",Australian Labor Party,0
VIC,219,Isaacs,4157,Parkdale East,R,22120,0,R Ticket Votes,Secular Party of Australia,1
VIC,219,Isaacs,4157,Parkdale East,R,20874,1,"PERKINS, John Leslie",Secular Party of Australia,1
VIC,219,Isaacs,4157,Parkdale East,R,20877,2,"SCEATS, Rosemary Elizabeth",Secular Party of Australia,0
VIC,219,Isaacs,4157,Parkdale East,S,22134,0,S Ticket Votes,Carers Alliance,0
VIC,219,Isaacs,4157,Parkdale East,S,21941,1,"MONTEAGLE, Christopher",Carers Alliance,0
VIC,219,Isaacs,4157,Parkdale East,S,21942,2,"PEACOCK, Wendy",Carers Alliance,0
VIC,219,Isaacs,4157,Parkdale East,T,22122,0,T Ticket Votes,Liberal Democrats (LDP),38
VIC,219,Isaacs,4157,Parkdale East,T,21251,1,"CURRIE, Ross",Liberal Democrats (LDP),1
VIC,219,Isaacs,4157,Parkdale East,T,21310,2,"KLASS, Graeme Michael",Liberal Democrats (LDP),0
VIC,219,Isaacs,4157,Parkdale East,U,22133,0,U Ticket Votes,,2
VIC,219,Isaacs,4157,Parkdale East,U,21913,1,"MAYNE, Stephen",,1
VIC,219,Isaacs,4157,Parkdale East,U,21914,2,"PICCININI, Paula",,0
VIC,219,Isaacs,4157,Parkdale East,UG,20887,1,"BEALE, Grant",Independent,0
VIC,219,Isaacs,4157,Parkdale East,UG,21428,2,"SHEA, Glenn",Independent,0
VIC,219,Isaacs,4157,Parkdale East,ZZ,0,99,INFORMAL,,101
VIC,219,Isaacs,4158,Patterson Lakes,A,22119,0,A Ticket Votes,Socialist Equality Party,5
VIC,219,Isaacs,4158,Patterson Lakes,A,20946,1,"O'CONNOR, Patrick",Socialist Equality Party,2
VIC,219,Isaacs,4158,Patterson Lakes,A,20951,2,"VONGVIXAY, Keo",Socialist Equality Party,1
VIC,219,Isaacs,4158,Patterson Lakes,B,22126,0,B Ticket Votes,,1
VIC,219,Isaacs,4158,Patterson Lakes,B,21509,1,"TOSCANO, Joseph",,0
VIC,219,Isaacs,4158,Patterson Lakes,B,21512,2,"WARFE, Jenny",,0
VIC,219,Isaacs,4158,Patterson Lakes,B,21514,3,"SADAUSKAS, Andrew",,0
VIC,219,Isaacs,4158,Patterson Lakes,C,22129,0,C Ticket Votes,Family First,85
VIC,219,Isaacs,4158,Patterson Lakes,C,21716,1,"FIELDING, Steven",Family First,3
VIC,219,Isaacs,4158,Patterson Lakes,C,21728,2,"PLUMRIDGE, Gary",Family First,0
VIC,219,Isaacs,4158,Patterson Lakes,C,21732,3,"BOWN SEELEY, Ann Edith",Family First,0
VIC,219,Isaacs,4158,Patterson Lakes,C,21735,4,"GOH, Yuli",Family First,0
VIC,219,Isaacs,4158,Patterson Lakes,C,21737,5,"KHOO, Joyce",Family First,0
VIC,219,Isaacs,4158,Patterson Lakes,D,22131,0,D Ticket Votes,Australian Greens,355
VIC,219,Isaacs,4158,Patterson Lakes,D,21875,1,"DI NATALE, Richard",Australian Greens,17
VIC,219,Isaacs,4158,Patterson Lakes,D,21877,2,"RICE, Janet",Australian Greens,2
VIC,219,Isaacs,4158,Patterson Lakes,D,21878,3,"BUI, Nam",Australian Greens,0
VIC,219,Isaacs,4158,Patterson Lakes,D,21883,4,"HARGRAVE, Jen",Australian Greens,0
VIC,219,Isaacs,4158,Patterson Lakes,D,21885,5,"RIVENDELL, Julie",Australian Greens,0
VIC,219,Isaacs,4158,Patterson Lakes,D,21887,6,"SHNOOKAL, Liezl",Australian Greens,0
VIC,219,Isaacs,4158,Patterson Lakes,E,22123,0,E Ticket Votes,Senator On-Line,1
VIC,219,Isaacs,4158,Patterson Lakes,E,21434,1,"SARGENT, Glenn R",Senator On-Line,1
VIC,219,Isaacs,4158,Patterson Lakes,E,21437,2,"WARDLE, Emma Louise",Senator On-Line,0
VIC,219,Isaacs,4158,Patterson Lakes,F,22136,0,F Ticket Votes,Democratic Labor Party (DLP) of Australia,62
VIC,219,Isaacs,4158,Patterson Lakes,F,21985,1,"MADIGAN, John",Democratic Labor Party (DLP) of Australia,2
VIC,219,Isaacs,4158,Patterson Lakes,F,21987,2,"GONSALVEZ, Geraldine",Democratic Labor Party (DLP) of Australia,1
VIC,219,Isaacs,4158,Patterson Lakes,F,21989,3,"KAVANAGH, John",Democratic Labor Party (DLP) of Australia,0
VIC,219,Isaacs,4158,Patterson Lakes,G,22128,0,G Ticket Votes,Australian Democrats,7
VIC,219,Isaacs,4158,Patterson Lakes,G,21708,1,"HOWE, Roger",Australian Democrats,3
VIC,219,Isaacs,4158,Patterson Lakes,G,21711,2,"WESTGARTH, Rick",Australian Democrats,0
VIC,219,Isaacs,4158,Patterson Lakes,H,22125,0,H Ticket Votes,Shooters and Fishers,33
VIC,219,Isaacs,4158,Patterson Lakes,H,21443,1,"KELLY, Peter Maxwell",Shooters and Fishers,3
VIC,219,Isaacs,4158,Patterson Lakes,H,21445,2,"KRSTIC, Alex",Shooters and Fishers,0
VIC,219,Isaacs,4158,Patterson Lakes,I,22117,0,I Ticket Votes,Australian Sex Party,64
VIC,219,Isaacs,4158,Patterson Lakes,I,20835,1,"PATTEN, Fiona",Australian Sex Party,5
VIC,219,Isaacs,4158,Patterson Lakes,I,20836,2,"WILSON, Emma",Australian Sex Party,0
VIC,219,Isaacs,4158,Patterson Lakes,I,20837,3,"BLAKEY, Katie",Australian Sex Party,0
VIC,219,Isaacs,4158,Patterson Lakes,J,22130,0,J Ticket Votes,The Climate Sceptics,4
VIC,219,Isaacs,4158,Patterson Lakes,J,21869,1,"DAWSON, Chris",The Climate Sceptics,4
VIC,219,Isaacs,4158,Patterson Lakes,J,21872,2,"HOLMES, Lee",The Climate Sceptics,0
VIC,219,Isaacs,4158,Patterson Lakes,K,22121,0,K Ticket Votes,Socialist Alliance,0
VIC,219,Isaacs,4158,Patterson Lakes,K,21108,1,"WINDISCH, Margarita",Socialist Alliance,0
VIC,219,Isaacs,4158,Patterson Lakes,K,21114,2,"FIREBRACE, Sharon",Socialist Alliance,0
VIC,219,Isaacs,4158,Patterson Lakes,K,21116,3,"GUY, Ron",Socialist Alliance,0
VIC,219,Isaacs,4158,Patterson Lakes,L,22116,0,L Ticket Votes,Citizens Electoral Council,4
VIC,219,Isaacs,4158,Patterson Lakes,L,20771,1,"MITCHELL, Doug",Citizens Electoral Council,0
VIC,219,Isaacs,4158,Patterson Lakes,L,20775,2,"ISHERWOOD, Katherine",Citizens Electoral Council,0
VIC,219,Isaacs,4158,Patterson Lakes,M,22135,0,M Ticket Votes,Building Australia,5
VIC,219,Isaacs,4158,Patterson Lakes,M,21982,1,"EVANS, Darren",Building Australia,0
VIC,219,Isaacs,4158,Patterson Lakes,M,21983,2,"WHITE, Sam",Building Australia,0
VIC,219,Isaacs,4158,Patterson Lakes,N,22127,0,N Ticket Votes,One Nation,15
VIC,219,Isaacs,4158,Patterson Lakes,N,21700,1,"TOWNSEND, Rosalyn",One Nation,1
VIC,219,Isaacs,4158,Patterson Lakes,N,21704,2,"TOWNSEND, Phillip",One Nation,0
VIC,219,Isaacs,4158,Patterson Lakes,O,22118,0,O Ticket Votes,Liberal/The Nationals,1815
VIC,219,Isaacs,4158,Patterson Lakes,O,21950,1,"RONALDSON, Michael",Liberal,12
VIC,219,Isaacs,4158,Patterson Lakes,O,21952,2,"McKENZIE, Bridget",The Nationals,0
VIC,219,Isaacs,4158,Patterson Lakes,O,21954,3,"McGAURAN, Julian",Liberal,0
VIC,219,Isaacs,4158,Patterson Lakes,O,21956,4,"JENNISON, Susan",Liberal,1
VIC,219,Isaacs,4158,Patterson Lakes,P,22132,0,P Ticket Votes,Christian Democratic Party,3
VIC,219,Isaacs,4158,Patterson Lakes,P,21894,1,"JANSON, Vickie",Christian Democratic Party,1
VIC,219,Isaacs,4158,Patterson Lakes,P,21911,2,"EDDY-VEITZ, BEN",Christian Democratic Party,0
VIC,219,Isaacs,4158,Patterson Lakes,Q,22124,0,Q Ticket Votes,Australian Labor Party,1159
VIC,219,Isaacs,4158,Patterson Lakes,Q,21330,1,"CARR, Kim John",Australian Labor Party,8
VIC,219,Isaacs,4158,Patterson Lakes,Q,21337,2,"CONROY, Stephen Michael",Australian Labor Party,0
VIC,219,Isaacs,4158,Patterson Lakes,Q,21344,3,"THOW, Antony",Australian Labor Party,0
VIC,219,Isaacs,4158,Patterson Lakes,Q,21347,4,"LEWIS, Marg",Australian Labor Party,0
VIC,219,Isaacs,4158,Patterson Lakes,Q,21358,5,"FREEMAN, Shelly",Australian Labor Party,1
VIC,219,Isaacs,4158,Patterson Lakes,R,22120,0,R Ticket Votes,Secular Party of Australia,1
VIC,219,Isaacs,4158,Patterson Lakes,R,20874,1,"PERKINS, John Leslie",Secular Party of Australia,1
VIC,219,Isaacs,4158,Patterson Lakes,R,20877,2,"SCEATS, Rosemary Elizabeth",Secular Party of Australia,0
VIC,219,Isaacs,4158,Patterson Lakes,S,22134,0,S Ticket Votes,Carers Alliance,0
VIC,219,Isaacs,4158,Patterson Lakes,S,21941,1,"MONTEAGLE, Christopher",Carers Alliance,0
VIC,219,Isaacs,4158,Patterson Lakes,S,21942,2,"PEACOCK, Wendy",Carers Alliance,0
VIC,219,Isaacs,4158,Patterson Lakes,T,22122,0,T Ticket Votes,Liberal Democrats (LDP),74
VIC,219,Isaacs,4158,Patterson Lakes,T,21251,1,"CURRIE, Ross",Liberal Democrats (LDP),0
VIC,219,Isaacs,4158,Patterson Lakes,T,21310,2,"KLASS, Graeme Michael",Liberal Democrats (LDP),0
VIC,219,Isaacs,4158,Patterson Lakes,U,22133,0,U Ticket Votes,,3
VIC,219,Isaacs,4158,Patterson Lakes,U,21913,1,"MAYNE, Stephen",,3
VIC,219,Isaacs,4158,Patterson Lakes,U,21914,2,"PICCININI, Paula",,0
VIC,219,Isaacs,4158,Patterson Lakes,UG,20887,1,"BEALE, Grant",Independent,0
VIC,219,Isaacs,4158,Patterson Lakes,UG,21428,2,"SHEA, Glenn",Independent,0
VIC,219,Isaacs,4158,Patterson Lakes,ZZ,0,99,INFORMAL,,171
VIC,219,Isaacs,11888,Aspendale Gardens,A,22119,0,A Ticket Votes,Socialist Equality Party,7
VIC,219,Isaacs,11888,Aspendale Gardens,A,20946,1,"O'CONNOR, Patrick",Socialist Equality Party,2
VIC,219,Isaacs,11888,Aspendale Gardens,A,20951,2,"VONGVIXAY, Keo",Socialist Equality Party,0
VIC,219,Isaacs,11888,Aspendale Gardens,B,22126,0,B Ticket Votes,,3
VIC,219,Isaacs,11888,Aspendale Gardens,B,21509,1,"TOSCANO, Joseph",,0
VIC,219,Isaacs,11888,Aspendale Gardens,B,21512,2,"WARFE, Jenny",,0
VIC,219,Isaacs,11888,Aspendale Gardens,B,21514,3,"SADAUSKAS, Andrew",,1
VIC,219,Isaacs,11888,Aspendale Gardens,C,22129,0,C Ticket Votes,Family First,127
VIC,219,Isaacs,11888,Aspendale Gardens,C,21716,1,"FIELDING, Steven",Family First,2
VIC,219,Isaacs,11888,Aspendale Gardens,C,21728,2,"PLUMRIDGE, Gary",Family First,0
VIC,219,Isaacs,11888,Aspendale Gardens,C,21732,3,"BOWN SEELEY, Ann Edith",Family First,0
VIC,219,Isaacs,11888,Aspendale Gardens,C,21735,4,"GOH, Yuli",Family First,0
VIC,219,Isaacs,11888,Aspendale Gardens,C,21737,5,"KHOO, Joyce",Family First,0
VIC,219,Isaacs,11888,Aspendale Gardens,D,22131,0,D Ticket Votes,Australian Greens,370
VIC,219,Isaacs,11888,Aspendale Gardens,D,21875,1,"DI NATALE, Richard",Australian Greens,19
VIC,219,Isaacs,11888,Aspendale Gardens,D,21877,2,"RICE, Janet",Australian Greens,0
VIC,219,Isaacs,11888,Aspendale Gardens,D,21878,3,"BUI, Nam",Australian Greens,0
VIC,219,Isaacs,11888,Aspendale Gardens,D,21883,4,"HARGRAVE, Jen",Australian Greens,0
VIC,219,Isaacs,11888,Aspendale Gardens,D,21885,5,"RIVENDELL, Julie",Australian Greens,0
VIC,219,Isaacs,11888,Aspendale Gardens,D,21887,6,"SHNOOKAL, Liezl",Australian Greens,0
VIC,219,Isaacs,11888,Aspendale Gardens,E,22123,0,E Ticket Votes,Senator On-Line,0
VIC,219,Isaacs,11888,Aspendale Gardens,E,21434,1,"SARGENT, Glenn R",Senator On-Line,1
VIC,219,Isaacs,11888,Aspendale Gardens,E,21437,2,"WARDLE, Emma Louise",Senator On-Line,0
VIC,219,Isaacs,11888,Aspendale Gardens,F,22136,0,F Ticket Votes,Democratic Labor Party (DLP) of Australia,69
VIC,219,Isaacs,11888,Aspendale Gardens,F,21985,1,"MADIGAN, John",Democratic Labor Party (DLP) of Australia,0
VIC,219,Isaacs,11888,Aspendale Gardens,F,21987,2,"GONSALVEZ, Geraldine",Democratic Labor Party (DLP) of Australia,0
VIC,219,Isaacs,11888,Aspendale Gardens,F,21989,3,"KAVANAGH, John",Democratic Labor Party (DLP) of Australia,0
VIC,219,Isaacs,11888,Aspendale Gardens,G,22128,0,G Ticket Votes,Australian Democrats,14
VIC,219,Isaacs,11888,Aspendale Gardens,G,21708,1,"HOWE, Roger",Australian Democrats,1
VIC,219,Isaacs,11888,Aspendale Gardens,G,21711,2,"WESTGARTH, Rick",Australian Democrats,0
VIC,219,Isaacs,11888,Aspendale Gardens,H,22125,0,H Ticket Votes,Shooters and Fishers,18
VIC,219,Isaacs,11888,Aspendale Gardens,H,21443,1,"KELLY, Peter Maxwell",Shooters and Fishers,3
VIC,219,Isaacs,11888,Aspendale Gardens,H,21445,2,"KRSTIC, Alex",Shooters and Fishers,0
VIC,219,Isaacs,11888,Aspendale Gardens,I,22117,0,I Ticket Votes,Australian Sex Party,95
VIC,219,Isaacs,11888,Aspendale Gardens,I,20835,1,"PATTEN, Fiona",Australian Sex Party,2
VIC,219,Isaacs,11888,Aspendale Gardens,I,20836,2,"WILSON, Emma",Australian Sex Party,0
VIC,219,Isaacs,11888,Aspendale Gardens,I,20837,3,"BLAKEY, Katie",Australian Sex Party,0
VIC,219,Isaacs,11888,Aspendale Gardens,J,22130,0,J Ticket Votes,The Climate Sceptics,3
VIC,219,Isaacs,11888,Aspendale Gardens,J,21869,1,"DAWSON, Chris",The Climate Sceptics,1
VIC,219,Isaacs,11888,Aspendale Gardens,J,21872,2,"HOLMES, Lee",The Climate Sceptics,0
VIC,219,Isaacs,11888,Aspendale Gardens,K,22121,0,K Ticket Votes,Socialist Alliance,2
VIC,219,Isaacs,11888,Aspendale Gardens,K,21108,1,"WINDISCH, Margarita",Socialist Alliance,0
VIC,219,Isaacs,11888,Aspendale Gardens,K,21114,2,"FIREBRACE, Sharon",Socialist Alliance,0
VIC,219,Isaacs,11888,Aspendale Gardens,K,21116,3,"GUY, Ron",Socialist Alliance,0
VIC,219,Isaacs,11888,Aspendale Gardens,L,22116,0,L Ticket Votes,Citizens Electoral Council,5
VIC,219,Isaacs,11888,Aspendale Gardens,L,20771,1,"MITCHELL, Doug",Citizens Electoral Council,0
VIC,219,Isaacs,11888,Aspendale Gardens,L,20775,2,"ISHERWOOD, Katherine",Citizens Electoral Council,0
VIC,219,Isaacs,11888,Aspendale Gardens,M,22135,0,M Ticket Votes,Building Australia,1
VIC,219,Isaacs,11888,Aspendale Gardens,M,21982,1,"EVANS, Darren",Building Australia,0
VIC,219,Isaacs,11888,Aspendale Gardens,M,21983,2,"WHITE, Sam",Building Australia,0
VIC,219,Isaacs,11888,Aspendale Gardens,N,22127,0,N Ticket Votes,One Nation,6
VIC,219,Isaacs,11888,Aspendale Gardens,N,21700,1,"TOWNSEND, Rosalyn",One Nation,0
VIC,219,Isaacs,11888,Aspendale Gardens,N,21704,2,"TOWNSEND, Phillip",One Nation,0
VIC,219,Isaacs,11888,Aspendale Gardens,O,22118,0,O Ticket Votes,Liberal/The Nationals,1349
VIC,219,Isaacs,11888,Aspendale Gardens,O,21950,1,"RONALDSON, Michael",Liberal,7
VIC,219,Isaacs,11888,Aspendale Gardens,O,21952,2,"McKENZIE, Bridget",The Nationals,0
VIC,219,Isaacs,11888,Aspendale Gardens,O,21954,3,"McGAURAN, Julian",Liberal,0
VIC,219,Isaacs,11888,Aspendale Gardens,O,21956,4,"JENNISON, Susan",Liberal,0
VIC,219,Isaacs,11888,Aspendale Gardens,P,22132,0,P Ticket Votes,Christian Democratic Party,9
VIC,219,Isaacs,11888,Aspendale Gardens,P,21894,1,"JANSON, Vickie",Christian Democratic Party,0
VIC,219,Isaacs,11888,Aspendale Gardens,P,21911,2,"EDDY-VEITZ, BEN",Christian Democratic Party,0
VIC,219,Isaacs,11888,Aspendale Gardens,Q,22124,0,Q Ticket Votes,Australian Labor Party,1507
VIC,219,Isaacs,11888,Aspendale Gardens,Q,21330,1,"CARR, Kim John",Australian Labor Party,8
VIC,219,Isaacs,11888,Aspendale Gardens,Q,21337,2,"CONROY, Stephen Michael",Australian Labor Party,1
VIC,219,Isaacs,11888,Aspendale Gardens,Q,21344,3,"THOW, Antony",Australian Labor Party,2
VIC,219,Isaacs,11888,Aspendale Gardens,Q,21347,4,"LEWIS, Marg",Australian Labor Party,1
VIC,219,Isaacs,11888,Aspendale Gardens,Q,21358,5,"FREEMAN, Shelly",Australian Labor Party,1
VIC,219,Isaacs,11888,Aspendale Gardens,R,22120,0,R Ticket Votes,Secular Party of Australia,2
VIC,219,Isaacs,11888,Aspendale Gardens,R,20874,1,"PERKINS, John Leslie",Secular Party of Australia,1
VIC,219,Isaacs,11888,Aspendale Gardens,R,20877,2,"SCEATS, Rosemary Elizabeth",Secular Party of Australia,0
VIC,219,Isaacs,11888,Aspendale Gardens,S,22134,0,S Ticket Votes,Carers Alliance,3
VIC,219,Isaacs,11888,Aspendale Gardens,S,21941,1,"MONTEAGLE, Christopher",Carers Alliance,1
VIC,219,Isaacs,11888,Aspendale Gardens,S,21942,2,"PEACOCK, Wendy",Carers Alliance,0
VIC,219,Isaacs,11888,Aspendale Gardens,T,22122,0,T Ticket Votes,Liberal Democrats (LDP),68
VIC,219,Isaacs,11888,Aspendale Gardens,T,21251,1,"CURRIE, Ross",Liberal Democrats (LDP),0
VIC,219,Isaacs,11888,Aspendale Gardens,T,21310,2,"KLASS, Graeme Michael",Liberal Democrats (LDP),0
VIC,219,Isaacs,11888,Aspendale Gardens,U,22133,0,U Ticket Votes,,0
VIC,219,Isaacs,11888,Aspendale Gardens,U,21913,1,"MAYNE, Stephen",,1
VIC,219,Isaacs,11888,Aspendale Gardens,U,21914,2,"PICCININI, Paula",,0
VIC,219,Isaacs,11888,Aspendale Gardens,UG,20887,1,"BEALE, Grant",Independent,0
VIC,219,Isaacs,11888,Aspendale Gardens,UG,21428,2,"SHEA, Glenn",Independent,0
VIC,219,Isaacs,11888,Aspendale Gardens,ZZ,0,99,INFORMAL,,142
VIC,219,Isaacs,30210,Divisional Office (PREPOLL),A,22119,0,A Ticket Votes,Socialist Equality Party,1
VIC,219,Isaacs,30210,Divisional Office (PREPOLL),A,20946,1,"O'CONNOR, Patrick",Socialist Equality Party,0
VIC,219,Isaacs,30210,Divisional Office (PREPOLL),A,20951,2,"VONGVIXAY, Keo",Socialist Equality Party,0
VIC,219,Isaacs,30210,Divisional Office (PREPOLL),B,22126,0,B Ticket Votes,,0
VIC,219,Isaacs,30210,Divisional Office (PREPOLL),B,21509,1,"TOSCANO, Joseph",,0
VIC,219,Isaacs,30210,Divisional Office (PREPOLL),B,21512,2,"WARFE, Jenny",,0
VIC,219,Isaacs,30210,Divisional Office (PREPOLL),B,21514,3,"SADAUSKAS, Andrew",,0
VIC,219,Isaacs,30210,Divisional Office (PREPOLL),C,22129,0,C Ticket Votes,Family First,5
VIC,219,Isaacs,30210,Divisional Office (PREPOLL),C,21716,1,"FIELDING, Steven",Family First,3
VIC,219,Isaacs,30210,Divisional Office (PREPOLL),C,21728,2,"PLUMRIDGE, Gary",Family First,0
VIC,219,Isaacs,30210,Divisional Office (PREPOLL),C,21732,3,"BOWN SEELEY, Ann Edith",Family First,0
VIC,219,Isaacs,30210,Divisional Office (PREPOLL),C,21735,4,"GOH, Yuli",Family First,0
VIC,219,Isaacs,30210,Divisional Office (PREPOLL),C,21737,5,"KHOO, Joyce",Family First,0
VIC,219,Isaacs,30210,Divisional Office (PREPOLL),D,22131,0,D Ticket Votes,Australian Greens,69
VIC,219,Isaacs,30210,Divisional Office (PREPOLL),D,21875,1,"DI NATALE, Richard",Australian Greens,3
VIC,219,Isaacs,30210,Divisional Office (PREPOLL),D,21877,2,"RICE, Janet",Australian Greens,0
VIC,219,Isaacs,30210,Divisional Office (PREPOLL),D,21878,3,"BUI, Nam",Australian Greens,0
VIC,219,Isaacs,30210,Divisional Office (PREPOLL),D,21883,4,"HARGRAVE, Jen",Australian Greens,0
VIC,219,Isaacs,30210,Divisional Office (PREPOLL),D,21885,5,"RIVENDELL, Julie",Australian Greens,0
VIC,219,Isaacs,30210,Divisional Office (PREPOLL),D,21887,6,"SHNOOKAL, Liezl",Australian Greens,0
VIC,219,Isaacs,30210,Divisional Office (PREPOLL),E,22123,0,E Ticket Votes,Senator On-Line,0
VIC,219,Isaacs,30210,Divisional Office (PREPOLL),E,21434,1,"SARGENT, Glenn R",Senator On-Line,0
VIC,219,Isaacs,30210,Divisional Office (PREPOLL),E,21437,2,"WARDLE, Emma Louise",Senator On-Line,0
VIC,219,Isaacs,30210,Divisional Office (PREPOLL),F,22136,0,F Ticket Votes,Democratic Labor Party (DLP) of Australia,10
VIC,219,Isaacs,30210,Divisional Office (PREPOLL),F,21985,1,"MADIGAN, John",Democratic Labor Party (DLP) of Australia,0
VIC,219,Isaacs,30210,Divisional Office (PREPOLL),F,21987,2,"GONSALVEZ, Geraldine",Democratic Labor Party (DLP) of Australia,0
VIC,219,Isaacs,30210,Divisional Office (PREPOLL),F,21989,3,"KAVANAGH, John",Democratic Labor Party (DLP) of Australia,0
VIC,219,Isaacs,30210,Divisional Office (PREPOLL),G,22128,0,G Ticket Votes,Australian Democrats,2
VIC,219,Isaacs,30210,Divisional Office (PREPOLL),G,21708,1,"HOWE, Roger",Australian Democrats,0
VIC,219,Isaacs,30210,Divisional Office (PREPOLL),G,21711,2,"WESTGARTH, Rick",Australian Democrats,0
VIC,219,Isaacs,30210,Divisional Office (PREPOLL),H,22125,0,H Ticket Votes,Shooters and Fishers,4
VIC,219,Isaacs,30210,Divisional Office (PREPOLL),H,21443,1,"KELLY, Peter Maxwell",Shooters and Fishers,0
VIC,219,Isaacs,30210,Divisional Office (PREPOLL),H,21445,2,"KRSTIC, Alex",Shooters and Fishers,0
VIC,219,Isaacs,30210,Divisional Office (PREPOLL),I,22117,0,I Ticket Votes,Australian Sex Party,9
VIC,219,Isaacs,30210,Divisional Office (PREPOLL),I,20835,1,"PATTEN, Fiona",Australian Sex Party,1
VIC,219,Isaacs,30210,Divisional Office (PREPOLL),I,20836,2,"WILSON, Emma",Australian Sex Party,0
VIC,219,Isaacs,30210,Divisional Office (PREPOLL),I,20837,3,"BLAKEY, Katie",Australian Sex Party,0
VIC,219,Isaacs,30210,Divisional Office (PREPOLL),J,22130,0,J Ticket Votes,The Climate Sceptics,2
VIC,219,Isaacs,30210,Divisional Office (PREPOLL),J,21869,1,"DAWSON, Chris",The Climate Sceptics,0
VIC,219,Isaacs,30210,Divisional Office (PREPOLL),J,21872,2,"HOLMES, Lee",The Climate Sceptics,0
VIC,219,Isaacs,30210,Divisional Office (PREPOLL),K,22121,0,K Ticket Votes,Socialist Alliance,0
VIC,219,Isaacs,30210,Divisional Office (PREPOLL),K,21108,1,"WINDISCH, Margarita",Socialist Alliance,0
VIC,219,Isaacs,30210,Divisional Office (PREPOLL),K,21114,2,"FIREBRACE, Sharon",Socialist Alliance,0
VIC,219,Isaacs,30210,Divisional Office (PREPOLL),K,21116,3,"GUY, Ron",Socialist Alliance,0
VIC,219,Isaacs,30210,Divisional Office (PREPOLL),L,22116,0,L Ticket Votes,Citizens Electoral Council,1
VIC,219,Isaacs,30210,Divisional Office (PREPOLL),L,20771,1,"MITCHELL, Doug",Citizens Electoral Council,0
VIC,219,Isaacs,30210,Divisional Office (PREPOLL),L,20775,2,"ISHERWOOD, Katherine",Citizens Electoral Council,0
VIC,219,Isaacs,30210,Divisional Office (PREPOLL),M,22135,0,M Ticket Votes,Building Australia,1
VIC,219,Isaacs,30210,Divisional Office (PREPOLL),M,21982,1,"EVANS, Darren",Building Australia,0
VIC,219,Isaacs,30210,Divisional Office (PREPOLL),M,21983,2,"WHITE, Sam",Building Australia,0
VIC,219,Isaacs,30210,Divisional Office (PREPOLL),N,22127,0,N Ticket Votes,One Nation,0
VIC,219,Isaacs,30210,Divisional Office (PREPOLL),N,21700,1,"TOWNSEND, Rosalyn",One Nation,1
VIC,219,Isaacs,30210,Divisional Office (PREPOLL),N,21704,2,"TOWNSEND, Phillip",One Nation,0
VIC,219,Isaacs,30210,Divisional Office (PREPOLL),O,22118,0,O Ticket Votes,Liberal/The Nationals,212
VIC,219,Isaacs,30210,Divisional Office (PREPOLL),O,21950,1,"RONALDSON, Michael",Liberal,4
VIC,219,Isaacs,30210,Divisional Office (PREPOLL),O,21952,2,"McKENZIE, Bridget",The Nationals,0
VIC,219,Isaacs,30210,Divisional Office (PREPOLL),O,21954,3,"McGAURAN, Julian",Liberal,1
VIC,219,Isaacs,30210,Divisional Office (PREPOLL),O,21956,4,"JENNISON, Susan",Liberal,0
VIC,219,Isaacs,30210,Divisional Office (PREPOLL),P,22132,0,P Ticket Votes,Christian Democratic Party,1
VIC,219,Isaacs,30210,Divisional Office (PREPOLL),P,21894,1,"JANSON, Vickie",Christian Democratic Party,0
VIC,219,Isaacs,30210,Divisional Office (PREPOLL),P,21911,2,"EDDY-VEITZ, BEN",Christian Democratic Party,0
VIC,219,Isaacs,30210,Divisional Office (PREPOLL),Q,22124,0,Q Ticket Votes,Australian Labor Party,178
VIC,219,Isaacs,30210,Divisional Office (PREPOLL),Q,21330,1,"CARR, Kim John",Australian Labor Party,3
VIC,219,Isaacs,30210,Divisional Office (PREPOLL),Q,21337,2,"CONROY, Stephen Michael",Australian Labor Party,0
VIC,219,Isaacs,30210,Divisional Office (PREPOLL),Q,21344,3,"THOW, Antony",Australian Labor Party,0
VIC,219,Isaacs,30210,Divisional Office (PREPOLL),Q,21347,4,"LEWIS, Marg",Australian Labor Party,0
VIC,219,Isaacs,30210,Divisional Office (PREPOLL),Q,21358,5,"FREEMAN, Shelly",Australian Labor Party,1
VIC,219,Isaacs,30210,Divisional Office (PREPOLL),R,22120,0,R Ticket Votes,Secular Party of Australia,1
VIC,219,Isaacs,30210,Divisional Office (PREPOLL),R,20874,1,"PERKINS, John Leslie",Secular Party of Australia,0
VIC,219,Isaacs,30210,Divisional Office (PREPOLL),R,20877,2,"SCEATS, Rosemary Elizabeth",Secular Party of Australia,0
VIC,219,Isaacs,30210,Divisional Office (PREPOLL),S,22134,0,S Ticket Votes,Carers Alliance,1
VIC,219,Isaacs,30210,Divisional Office (PREPOLL),S,21941,1,"MONTEAGLE, Christopher",Carers Alliance,0
VIC,219,Isaacs,30210,Divisional Office (PREPOLL),S,21942,2,"PEACOCK, Wendy",Carers Alliance,0
VIC,219,Isaacs,30210,Divisional Office (PREPOLL),T,22122,0,T Ticket Votes,Liberal Democrats (LDP),8
VIC,219,Isaacs,30210,Divisional Office (PREPOLL),T,21251,1,"CURRIE, Ross",Liberal Democrats (LDP),0
VIC,219,Isaacs,30210,Divisional Office (PREPOLL),T,21310,2,"KLASS, Graeme Michael",Liberal Democrats (LDP),0
VIC,219,Isaacs,30210,Divisional Office (PREPOLL),U,22133,0,U Ticket Votes,,0
VIC,219,Isaacs,30210,Divisional Office (PREPOLL),U,21913,1,"MAYNE, Stephen",,0
VIC,219,Isaacs,30210,Divisional Office (PREPOLL),U,21914,2,"PICCININI, Paula",,0
VIC,219,Isaacs,30210,Divisional Office (PREPOLL),UG,20887,1,"BEALE, Grant",Independent,0
VIC,219,Isaacs,30210,Divisional Office (PREPOLL),UG,21428,2,"SHEA, Glenn",Independent,0
VIC,219,Isaacs,30210,Divisional Office (PREPOLL),ZZ,0,99,INFORMAL,,14
VIC,219,Isaacs,31051,Rowellyn Park,A,22119,0,A Ticket Votes,Socialist Equality Party,4
VIC,219,Isaacs,31051,Rowellyn Park,A,20946,1,"O'CONNOR, Patrick",Socialist Equality Party,1
VIC,219,Isaacs,31051,Rowellyn Park,A,20951,2,"VONGVIXAY, Keo",Socialist Equality Party,0
VIC,219,Isaacs,31051,Rowellyn Park,B,22126,0,B Ticket Votes,,2
VIC,219,Isaacs,31051,Rowellyn Park,B,21509,1,"TOSCANO, Joseph",,0
VIC,219,Isaacs,31051,Rowellyn Park,B,21512,2,"WARFE, Jenny",,1
VIC,219,Isaacs,31051,Rowellyn Park,B,21514,3,"SADAUSKAS, Andrew",,0
VIC,219,Isaacs,31051,Rowellyn Park,C,22129,0,C Ticket Votes,Family First,113
VIC,219,Isaacs,31051,Rowellyn Park,C,21716,1,"FIELDING, Steven",Family First,5
VIC,219,Isaacs,31051,Rowellyn Park,C,21728,2,"PLUMRIDGE, Gary",Family First,0
VIC,219,Isaacs,31051,Rowellyn Park,C,21732,3,"BOWN SEELEY, Ann Edith",Family First,0
VIC,219,Isaacs,31051,Rowellyn Park,C,21735,4,"GOH, Yuli",Family First,0
VIC,219,Isaacs,31051,Rowellyn Park,C,21737,5,"KHOO, Joyce",Family First,0
VIC,219,Isaacs,31051,Rowellyn Park,D,22131,0,D Ticket Votes,Australian Greens,302
VIC,219,Isaacs,31051,Rowellyn Park,D,21875,1,"DI NATALE, Richard",Australian Greens,11
VIC,219,Isaacs,31051,Rowellyn Park,D,21877,2,"RICE, Janet",Australian Greens,1
VIC,219,Isaacs,31051,Rowellyn Park,D,21878,3,"BUI, Nam",Australian Greens,0
VIC,219,Isaacs,31051,Rowellyn Park,D,21883,4,"HARGRAVE, Jen",Australian Greens,0
VIC,219,Isaacs,31051,Rowellyn Park,D,21885,5,"RIVENDELL, Julie",Australian Greens,0
VIC,219,Isaacs,31051,Rowellyn Park,D,21887,6,"SHNOOKAL, Liezl",Australian Greens,0
VIC,219,Isaacs,31051,Rowellyn Park,E,22123,0,E Ticket Votes,Senator On-Line,1
VIC,219,Isaacs,31051,Rowellyn Park,E,21434,1,"SARGENT, Glenn R",Senator On-Line,1
VIC,219,Isaacs,31051,Rowellyn Park,E,21437,2,"WARDLE, Emma Louise",Senator On-Line,0
VIC,219,Isaacs,31051,Rowellyn Park,F,22136,0,F Ticket Votes,Democratic Labor Party (DLP) of Australia,101
VIC,219,Isaacs,31051,Rowellyn Park,F,21985,1,"MADIGAN, John",Democratic Labor Party (DLP) of Australia,0
VIC,219,Isaacs,31051,Rowellyn Park,F,21987,2,"GONSALVEZ, Geraldine",Democratic Labor Party (DLP) of Australia,0
VIC,219,Isaacs,31051,Rowellyn Park,F,21989,3,"KAVANAGH, John",Democratic Labor Party (DLP) of Australia,1
VIC,219,Isaacs,31051,Rowellyn Park,G,22128,0,G Ticket Votes,Australian Democrats,22
VIC,219,Isaacs,31051,Rowellyn Park,G,21708,1,"HOWE, Roger",Australian Democrats,0
VIC,219,Isaacs,31051,Rowellyn Park,G,21711,2,"WESTGARTH, Rick",Australian Democrats,0
VIC,219,Isaacs,31051,Rowellyn Park,H,22125,0,H Ticket Votes,Shooters and Fishers,36
VIC,219,Isaacs,31051,Rowellyn Park,H,21443,1,"KELLY, Peter Maxwell",Shooters and Fishers,2
VIC,219,Isaacs,31051,Rowellyn Park,H,21445,2,"KRSTIC, Alex",Shooters and Fishers,0
VIC,219,Isaacs,31051,Rowellyn Park,I,22117,0,I Ticket Votes,Australian Sex Party,100
VIC,219,Isaacs,31051,Rowellyn Park,I,20835,1,"PATTEN, Fiona",Australian Sex Party,4
VIC,219,Isaacs,31051,Rowellyn Park,I,20836,2,"WILSON, Emma",Australian Sex Party,0
VIC,219,Isaacs,31051,Rowellyn Park,I,20837,3,"BLAKEY, Katie",Australian Sex Party,0
VIC,219,Isaacs,31051,Rowellyn Park,J,22130,0,J Ticket Votes,The Climate Sceptics,3
VIC,219,Isaacs,31051,Rowellyn Park,J,21869,1,"DAWSON, Chris",The Climate Sceptics,1
VIC,219,Isaacs,31051,Rowellyn Park,J,21872,2,"HOLMES, Lee",The Climate Sceptics,0
VIC,219,Isaacs,31051,Rowellyn Park,K,22121,0,K Ticket Votes,Socialist Alliance,4
VIC,219,Isaacs,31051,Rowellyn Park,K,21108,1,"WINDISCH, Margarita",Socialist Alliance,1
VIC,219,Isaacs,31051,Rowellyn Park,K,21114,2,"FIREBRACE, Sharon",Socialist Alliance,0
VIC,219,Isaacs,31051,Rowellyn Park,K,21116,3,"GUY, Ron",Socialist Alliance,0
VIC,219,Isaacs,31051,Rowellyn Park,L,22116,0,L Ticket Votes,Citizens Electoral Council,3
VIC,219,Isaacs,31051,Rowellyn Park,L,20771,1,"MITCHELL, Doug",Citizens Electoral Council,0
VIC,219,Isaacs,31051,Rowellyn Park,L,20775,2,"ISHERWOOD, Katherine",Citizens Electoral Council,0
VIC,219,Isaacs,31051,Rowellyn Park,M,22135,0,M Ticket Votes,Building Australia,4
VIC,219,Isaacs,31051,Rowellyn Park,M,21982,1,"EVANS, Darren",Building Australia,0
VIC,219,Isaacs,31051,Rowellyn Park,M,21983,2,"WHITE, Sam",Building Australia,0
VIC,219,Isaacs,31051,Rowellyn Park,N,22127,0,N Ticket Votes,One Nation,22
VIC,219,Isaacs,31051,Rowellyn Park,N,21700,1,"TOWNSEND, Rosalyn",One Nation,0
VIC,219,Isaacs,31051,Rowellyn Park,N,21704,2,"TOWNSEND, Phillip",One Nation,0
VIC,219,Isaacs,31051,Rowellyn Park,O,22118,0,O Ticket Votes,Liberal/The Nationals,748
VIC,219,Isaacs,31051,Rowellyn Park,O,21950,1,"RONALDSON, Michael",Liberal,5
VIC,219,Isaacs,31051,Rowellyn Park,O,21952,2,"McKENZIE, Bridget",The Nationals,0
VIC,219,Isaacs,31051,Rowellyn Park,O,21954,3,"McGAURAN, Julian",Liberal,2
VIC,219,Isaacs,31051,Rowellyn Park,O,21956,4,"JENNISON, Susan",Liberal,0
VIC,219,Isaacs,31051,Rowellyn Park,P,22132,0,P Ticket Votes,Christian Democratic Party,7
VIC,219,Isaacs,31051,Rowellyn Park,P,21894,1,"JANSON, Vickie",Christian Democratic Party,0
VIC,219,Isaacs,31051,Rowellyn Park,P,21911,2,"EDDY-VEITZ, BEN",Christian Democratic Party,0
VIC,219,Isaacs,31051,Rowellyn Park,Q,22124,0,Q Ticket Votes,Australian Labor Party,1508
VIC,219,Isaacs,31051,Rowellyn Park,Q,21330,1,"CARR, Kim John",Australian Labor Party,6
VIC,219,Isaacs,31051,Rowellyn Park,Q,21337,2,"CONROY, Stephen Michael",Australian Labor Party,0
VIC,219,Isaacs,31051,Rowellyn Park,Q,21344,3,"THOW, Antony",Australian Labor Party,0
VIC,219,Isaacs,31051,Rowellyn Park,Q,21347,4,"LEWIS, Marg",Australian Labor Party,2
VIC,219,Isaacs,31051,Rowellyn Park,Q,21358,5,"FREEMAN, Shelly",Australian Labor Party,0
VIC,219,Isaacs,31051,Rowellyn Park,R,22120,0,R Ticket Votes,Secular Party of Australia,2
VIC,219,Isaacs,31051,Rowellyn Park,R,20874,1,"PERKINS, John Leslie",Secular Party of Australia,0
VIC,219,Isaacs,31051,Rowellyn Park,R,20877,2,"SCEATS, Rosemary Elizabeth",Secular Party of Australia,0
VIC,219,Isaacs,31051,Rowellyn Park,S,22134,0,S Ticket Votes,Carers Alliance,2
VIC,219,Isaacs,31051,Rowellyn Park,S,21941,1,"MONTEAGLE, Christopher",Carers Alliance,0
VIC,219,Isaacs,31051,Rowellyn Park,S,21942,2,"PEACOCK, Wendy",Carers Alliance,1
VIC,219,Isaacs,31051,Rowellyn Park,T,22122,0,T Ticket Votes,Liberal Democrats (LDP),36
VIC,219,Isaacs,31051,Rowellyn Park,T,21251,1,"CURRIE, Ross",Liberal Democrats (LDP),1
VIC,219,Isaacs,31051,Rowellyn Park,T,21310,2,"KLASS, Graeme Michael",Liberal Democrats (LDP),0
VIC,219,Isaacs,31051,Rowellyn Park,U,22133,0,U Ticket Votes,,0
VIC,219,Isaacs,31051,Rowellyn Park,U,21913,1,"MAYNE, Stephen",,0
VIC,219,Isaacs,31051,Rowellyn Park,U,21914,2,"PICCININI, Paula",,0
VIC,219,Isaacs,31051,Rowellyn Park,UG,20887,1,"BEALE, Grant",Independent,0
VIC,219,Isaacs,31051,Rowellyn Park,UG,21428,2,"SHEA, Glenn",Independent,0
VIC,219,Isaacs,31051,Rowellyn Park,ZZ,0,99,INFORMAL,,180
VIC,219,Isaacs,31564,Special Hospital Team 1,A,22119,0,A Ticket Votes,Socialist Equality Party,3
VIC,219,Isaacs,31564,Special Hospital Team 1,A,20946,1,"O'CONNOR, Patrick",Socialist Equality Party,0
VIC,219,Isaacs,31564,Special Hospital Team 1,A,20951,2,"VONGVIXAY, Keo",Socialist Equality Party,0
VIC,219,Isaacs,31564,Special Hospital Team 1,B,22126,0,B Ticket Votes,,0
VIC,219,Isaacs,31564,Special Hospital Team 1,B,21509,1,"TOSCANO, Joseph",,0
VIC,219,Isaacs,31564,Special Hospital Team 1,B,21512,2,"WARFE, Jenny",,0
VIC,219,Isaacs,31564,Special Hospital Team 1,B,21514,3,"SADAUSKAS, Andrew",,0
VIC,219,Isaacs,31564,Special Hospital Team 1,C,22129,0,C Ticket Votes,Family First,4
VIC,219,Isaacs,31564,Special Hospital Team 1,C,21716,1,"FIELDING, Steven",Family First,0
VIC,219,Isaacs,31564,Special Hospital Team 1,C,21728,2,"PLUMRIDGE, Gary",Family First,0
VIC,219,Isaacs,31564,Special Hospital Team 1,C,21732,3,"BOWN SEELEY, Ann Edith",Family First,0
VIC,219,Isaacs,31564,Special Hospital Team 1,C,21735,4,"GOH, Yuli",Family First,0
VIC,219,Isaacs,31564,Special Hospital Team 1,C,21737,5,"KHOO, Joyce",Family First,0
VIC,219,Isaacs,31564,Special Hospital Team 1,D,22131,0,D Ticket Votes,Australian Greens,3
VIC,219,Isaacs,31564,Special Hospital Team 1,D,21875,1,"DI NATALE, Richard",Australian Greens,0
VIC,219,Isaacs,31564,Special Hospital Team 1,D,21877,2,"RICE, Janet",Australian Greens,0
VIC,219,Isaacs,31564,Special Hospital Team 1,D,21878,3,"BUI, Nam",Australian Greens,0
VIC,219,Isaacs,31564,Special Hospital Team 1,D,21883,4,"HARGRAVE, Jen",Australian Greens,0
VIC,219,Isaacs,31564,Special Hospital Team 1,D,21885,5,"RIVENDELL, Julie",Australian Greens,0
VIC,219,Isaacs,31564,Special Hospital Team 1,D,21887,6,"SHNOOKAL, Liezl",Australian Greens,0
VIC,219,Isaacs,31564,Special Hospital Team 1,E,22123,0,E Ticket Votes,Senator On-Line,0
VIC,219,Isaacs,31564,Special Hospital Team 1,E,21434,1,"SARGENT, Glenn R",Senator On-Line,0
VIC,219,Isaacs,31564,Special Hospital Team 1,E,21437,2,"WARDLE, Emma Louise",Senator On-Line,0
VIC,219,Isaacs,31564,Special Hospital Team 1,F,22136,0,F Ticket Votes,Democratic Labor Party (DLP) of Australia,1
VIC,219,Isaacs,31564,Special Hospital Team 1,F,21985,1,"MADIGAN, John",Democratic Labor Party (DLP) of Australia,0
VIC,219,Isaacs,31564,Special Hospital Team 1,F,21987,2,"GONSALVEZ, Geraldine",Democratic Labor Party (DLP) of Australia,0
VIC,219,Isaacs,31564,Special Hospital Team 1,F,21989,3,"KAVANAGH, John",Democratic Labor Party (DLP) of Australia,0
VIC,219,Isaacs,31564,Special Hospital Team 1,G,22128,0,G Ticket Votes,Australian Democrats,0
VIC,219,Isaacs,31564,Special Hospital Team 1,G,21708,1,"HOWE, Roger",Australian Democrats,0
VIC,219,Isaacs,31564,Special Hospital Team 1,G,21711,2,"WESTGARTH, Rick",Australian Democrats,0
VIC,219,Isaacs,31564,Special Hospital Team 1,H,22125,0,H Ticket Votes,Shooters and Fishers,0
VIC,219,Isaacs,31564,Special Hospital Team 1,H,21443,1,"KELLY, Peter Maxwell",Shooters and Fishers,0
VIC,219,Isaacs,31564,Special Hospital Team 1,H,21445,2,"KRSTIC, Alex",Shooters and Fishers,0
VIC,219,Isaacs,31564,Special Hospital Team 1,I,22117,0,I Ticket Votes,Australian Sex Party,2
VIC,219,Isaacs,31564,Special Hospital Team 1,I,20835,1,"PATTEN, Fiona",Australian Sex Party,0
VIC,219,Isaacs,31564,Special Hospital Team 1,I,20836,2,"WILSON, Emma",Australian Sex Party,0
VIC,219,Isaacs,31564,Special Hospital Team 1,I,20837,3,"BLAKEY, Katie",Australian Sex Party,0
VIC,219,Isaacs,31564,Special Hospital Team 1,J,22130,0,J Ticket Votes,The Climate Sceptics,1
VIC,219,Isaacs,31564,Special Hospital Team 1,J,21869,1,"DAWSON, Chris",The Climate Sceptics,0
VIC,219,Isaacs,31564,Special Hospital Team 1,J,21872,2,"HOLMES, Lee",The Climate Sceptics,0
VIC,219,Isaacs,31564,Special Hospital Team 1,K,22121,0,K Ticket Votes,Socialist Alliance,0
VIC,219,Isaacs,31564,Special Hospital Team 1,K,21108,1,"WINDISCH, Margarita",Socialist Alliance,0
VIC,219,Isaacs,31564,Special Hospital Team 1,K,21114,2,"FIREBRACE, Sharon",Socialist Alliance,0
VIC,219,Isaacs,31564,Special Hospital Team 1,K,21116,3,"GUY, Ron",Socialist Alliance,0
VIC,219,Isaacs,31564,Special Hospital Team 1,L,22116,0,L Ticket Votes,Citizens Electoral Council,0
VIC,219,Isaacs,31564,Special Hospital Team 1,L,20771,1,"MITCHELL, Doug",Citizens Electoral Council,0
VIC,219,Isaacs,31564,Special Hospital Team 1,L,20775,2,"ISHERWOOD, Katherine",Citizens Electoral Council,0
VIC,219,Isaacs,31564,Special Hospital Team 1,M,22135,0,M Ticket Votes,Building Australia,2
VIC,219,Isaacs,31564,Special Hospital Team 1,M,21982,1,"EVANS, Darren",Building Australia,0
VIC,219,Isaacs,31564,Special Hospital Team 1,M,21983,2,"WHITE, Sam",Building Australia,0
VIC,219,Isaacs,31564,Special Hospital Team 1,N,22127,0,N Ticket Votes,One Nation,1
VIC,219,Isaacs,31564,Special Hospital Team 1,N,21700,1,"TOWNSEND, Rosalyn",One Nation,0
VIC,219,Isaacs,31564,Special Hospital Team 1,N,21704,2,"TOWNSEND, Phillip",One Nation,0
VIC,219,Isaacs,31564,Special Hospital Team 1,O,22118,0,O Ticket Votes,Liberal/The Nationals,31
VIC,219,Isaacs,31564,Special Hospital Team 1,O,21950,1,"RONALDSON, Michael",Liberal,0
VIC,219,Isaacs,31564,Special Hospital Team 1,O,21952,2,"McKENZIE, Bridget",The Nationals,0
VIC,219,Isaacs,31564,Special Hospital Team 1,O,21954,3,"McGAURAN, Julian",Liberal,0
VIC,219,Isaacs,31564,Special Hospital Team 1,O,21956,4,"JENNISON, Susan",Liberal,0
VIC,219,Isaacs,31564,Special Hospital Team 1,P,22132,0,P Ticket Votes,Christian Democratic Party,0
VIC,219,Isaacs,31564,Special Hospital Team 1,P,21894,1,"JANSON, Vickie",Christian Democratic Party,0
VIC,219,Isaacs,31564,Special Hospital Team 1,P,21911,2,"EDDY-VEITZ, BEN",Christian Democratic Party,0
VIC,219,Isaacs,31564,Special Hospital Team 1,Q,22124,0,Q Ticket Votes,Australian Labor Party,35
VIC,219,Isaacs,31564,Special Hospital Team 1,Q,21330,1,"CARR, Kim John",Australian Labor Party,0
VIC,219,Isaacs,31564,Special Hospital Team 1,Q,21337,2,"CONROY, Stephen Michael",Australian Labor Party,0
VIC,219,Isaacs,31564,Special Hospital Team 1,Q,21344,3,"THOW, Antony",Australian Labor Party,0
VIC,219,Isaacs,31564,Special Hospital Team 1,Q,21347,4,"LEWIS, Marg",Australian Labor Party,0
VIC,219,Isaacs,31564,Special Hospital Team 1,Q,21358,5,"FREEMAN, Shelly",Australian Labor Party,0
VIC,219,Isaacs,31564,Special Hospital Team 1,R,22120,0,R Ticket Votes,Secular Party of Australia,0
VIC,219,Isaacs,31564,Special Hospital Team 1,R,20874,1,"PERKINS, John Leslie",Secular Party of Australia,0
VIC,219,Isaacs,31564,Special Hospital Team 1,R,20877,2,"SCEATS, Rosemary Elizabeth",Secular Party of Australia,0
VIC,219,Isaacs,31564,Special Hospital Team 1,S,22134,0,S Ticket Votes,Carers Alliance,1
VIC,219,Isaacs,31564,Special Hospital Team 1,S,21941,1,"MONTEAGLE, Christopher",Carers Alliance,0
VIC,219,Isaacs,31564,Special Hospital Team 1,S,21942,2,"PEACOCK, Wendy",Carers Alliance,0
VIC,219,Isaacs,31564,Special Hospital Team 1,T,22122,0,T Ticket Votes,Liberal Democrats (LDP),1
VIC,219,Isaacs,31564,Special Hospital Team 1,T,21251,1,"CURRIE, Ross",Liberal Democrats (LDP),0
VIC,219,Isaacs,31564,Special Hospital Team 1,T,21310,2,"KLASS, Graeme Michael",Liberal Democrats (LDP),0
VIC,219,Isaacs,31564,Special Hospital Team 1,U,22133,0,U Ticket Votes,,1
VIC,219,Isaacs,31564,Special Hospital Team 1,U,21913,1,"MAYNE, Stephen",,0
VIC,219,Isaacs,31564,Special Hospital Team 1,U,21914,2,"PICCININI, Paula",,0
VIC,219,Isaacs,31564,Special Hospital Team 1,UG,20887,1,"BEALE, Grant",Independent,0
VIC,219,Isaacs,31564,Special Hospital Team 1,UG,21428,2,"SHEA, Glenn",Independent,0
VIC,219,Isaacs,31564,Special Hospital Team 1,ZZ,0,99,INFORMAL,,4
VIC,219,Isaacs,31568,Special Hospital Team 2,A,22119,0,A Ticket Votes,Socialist Equality Party,0
VIC,219,Isaacs,31568,Special Hospital Team 2,A,20946,1,"O'CONNOR, Patrick",Socialist Equality Party,0
VIC,219,Isaacs,31568,Special Hospital Team 2,A,20951,2,"VONGVIXAY, Keo",Socialist Equality Party,0
VIC,219,Isaacs,31568,Special Hospital Team 2,B,22126,0,B Ticket Votes,,0
VIC,219,Isaacs,31568,Special Hospital Team 2,B,21509,1,"TOSCANO, Joseph",,0
VIC,219,Isaacs,31568,Special Hospital Team 2,B,21512,2,"WARFE, Jenny",,0
VIC,219,Isaacs,31568,Special Hospital Team 2,B,21514,3,"SADAUSKAS, Andrew",,0
VIC,219,Isaacs,31568,Special Hospital Team 2,C,22129,0,C Ticket Votes,Family First,3
VIC,219,Isaacs,31568,Special Hospital Team 2,C,21716,1,"FIELDING, Steven",Family First,0
VIC,219,Isaacs,31568,Special Hospital Team 2,C,21728,2,"PLUMRIDGE, Gary",Family First,0
VIC,219,Isaacs,31568,Special Hospital Team 2,C,21732,3,"BOWN SEELEY, Ann Edith",Family First,0
VIC,219,Isaacs,31568,Special Hospital Team 2,C,21735,4,"GOH, Yuli",Family First,0
VIC,219,Isaacs,31568,Special Hospital Team 2,C,21737,5,"KHOO, Joyce",Family First,0
VIC,219,Isaacs,31568,Special Hospital Team 2,D,22131,0,D Ticket Votes,Australian Greens,1
VIC,219,Isaacs,31568,Special Hospital Team 2,D,21875,1,"DI NATALE, Richard",Australian Greens,0
VIC,219,Isaacs,31568,Special Hospital Team 2,D,21877,2,"RICE, Janet",Australian Greens,0
VIC,219,Isaacs,31568,Special Hospital Team 2,D,21878,3,"BUI, Nam",Australian Greens,0
VIC,219,Isaacs,31568,Special Hospital Team 2,D,21883,4,"HARGRAVE, Jen",Australian Greens,0
VIC,219,Isaacs,31568,Special Hospital Team 2,D,21885,5,"RIVENDELL, Julie",Australian Greens,0
VIC,219,Isaacs,31568,Special Hospital Team 2,D,21887,6,"SHNOOKAL, Liezl",Australian Greens,0
VIC,219,Isaacs,31568,Special Hospital Team 2,E,22123,0,E Ticket Votes,Senator On-Line,0
VIC,219,Isaacs,31568,Special Hospital Team 2,E,21434,1,"SARGENT, Glenn R",Senator On-Line,0
VIC,219,Isaacs,31568,Special Hospital Team 2,E,21437,2,"WARDLE, Emma Louise",Senator On-Line,0
VIC,219,Isaacs,31568,Special Hospital Team 2,F,22136,0,F Ticket Votes,Democratic Labor Party (DLP) of Australia,0
VIC,219,Isaacs,31568,Special Hospital Team 2,F,21985,1,"MADIGAN, John",Democratic Labor Party (DLP) of Australia,0
VIC,219,Isaacs,31568,Special Hospital Team 2,F,21987,2,"GONSALVEZ, Geraldine",Democratic Labor Party (DLP) of Australia,0
VIC,219,Isaacs,31568,Special Hospital Team 2,F,21989,3,"KAVANAGH, John",Democratic Labor Party (DLP) of Australia,0
VIC,219,Isaacs,31568,Special Hospital Team 2,G,22128,0,G Ticket Votes,Australian Democrats,0
VIC,219,Isaacs,31568,Special Hospital Team 2,G,21708,1,"HOWE, Roger",Australian Democrats,0
VIC,219,Isaacs,31568,Special Hospital Team 2,G,21711,2,"WESTGARTH, Rick",Australian Democrats,0
VIC,219,Isaacs,31568,Special Hospital Team 2,H,22125,0,H Ticket Votes,Shooters and Fishers,0
VIC,219,Isaacs,31568,Special Hospital Team 2,H,21443,1,"KELLY, Peter Maxwell",Shooters and Fishers,0
VIC,219,Isaacs,31568,Special Hospital Team 2,H,21445,2,"KRSTIC, Alex",Shooters and Fishers,0
VIC,219,Isaacs,31568,Special Hospital Team 2,I,22117,0,I Ticket Votes,Australian Sex Party,1
VIC,219,Isaacs,31568,Special Hospital Team 2,I,20835,1,"PATTEN, Fiona",Australian Sex Party,0
VIC,219,Isaacs,31568,Special Hospital Team 2,I,20836,2,"WILSON, Emma",Australian Sex Party,0
VIC,219,Isaacs,31568,Special Hospital Team 2,I,20837,3,"BLAKEY, Katie",Australian Sex Party,0
VIC,219,Isaacs,31568,Special Hospital Team 2,J,22130,0,J Ticket Votes,The Climate Sceptics,0
VIC,219,Isaacs,31568,Special Hospital Team 2,J,21869,1,"DAWSON, Chris",The Climate Sceptics,0
VIC,219,Isaacs,31568,Special Hospital Team 2,J,21872,2,"HOLMES, Lee",The Climate Sceptics,0
VIC,219,Isaacs,31568,Special Hospital Team 2,K,22121,0,K Ticket Votes,Socialist Alliance,0
VIC,219,Isaacs,31568,Special Hospital Team 2,K,21108,1,"WINDISCH, Margarita",Socialist Alliance,0
VIC,219,Isaacs,31568,Special Hospital Team 2,K,21114,2,"FIREBRACE, Sharon",Socialist Alliance,0
VIC,219,Isaacs,31568,Special Hospital Team 2,K,21116,3,"GUY, Ron",Socialist Alliance,0
VIC,219,Isaacs,31568,Special Hospital Team 2,L,22116,0,L Ticket Votes,Citizens Electoral Council,0
VIC,219,Isaacs,31568,Special Hospital Team 2,L,20771,1,"MITCHELL, Doug",Citizens Electoral Council,0
VIC,219,Isaacs,31568,Special Hospital Team 2,L,20775,2,"ISHERWOOD, Katherine",Citizens Electoral Council,0
VIC,219,Isaacs,31568,Special Hospital Team 2,M,22135,0,M Ticket Votes,Building Australia,0
VIC,219,Isaacs,31568,Special Hospital Team 2,M,21982,1,"EVANS, Darren",Building Australia,0
VIC,219,Isaacs,31568,Special Hospital Team 2,M,21983,2,"WHITE, Sam",Building Australia,0
VIC,219,Isaacs,31568,Special Hospital Team 2,N,22127,0,N Ticket Votes,One Nation,1
VIC,219,Isaacs,31568,Special Hospital Team 2,N,21700,1,"TOWNSEND, Rosalyn",One Nation,0
VIC,219,Isaacs,31568,Special Hospital Team 2,N,21704,2,"TOWNSEND, Phillip",One Nation,0
VIC,219,Isaacs,31568,Special Hospital Team 2,O,22118,0,O Ticket Votes,Liberal/The Nationals,31
VIC,219,Isaacs,31568,Special Hospital Team 2,O,21950,1,"RONALDSON, Michael",Liberal,0
VIC,219,Isaacs,31568,Special Hospital Team 2,O,21952,2,"McKENZIE, Bridget",The Nationals,0
VIC,219,Isaacs,31568,Special Hospital Team 2,O,21954,3,"McGAURAN, Julian",Liberal,0
VIC,219,Isaacs,31568,Special Hospital Team 2,O,21956,4,"JENNISON, Susan",Liberal,0
VIC,219,Isaacs,31568,Special Hospital Team 2,P,22132,0,P Ticket Votes,Christian Democratic Party,0
VIC,219,Isaacs,31568,Special Hospital Team 2,P,21894,1,"JANSON, Vickie",Christian Democratic Party,0
VIC,219,Isaacs,31568,Special Hospital Team 2,P,21911,2,"EDDY-VEITZ, BEN",Christian Democratic Party,0
VIC,219,Isaacs,31568,Special Hospital Team 2,Q,22124,0,Q Ticket Votes,Australian Labor Party,37
VIC,219,Isaacs,31568,Special Hospital Team 2,Q,21330,1,"CARR, Kim John",Australian Labor Party,0
VIC,219,Isaacs,31568,Special Hospital Team 2,Q,21337,2,"CONROY, Stephen Michael",Australian Labor Party,0
VIC,219,Isaacs,31568,Special Hospital Team 2,Q,21344,3,"THOW, Antony",Australian Labor Party,0
VIC,219,Isaacs,31568,Special Hospital Team 2,Q,21347,4,"LEWIS, Marg",Australian Labor Party,0
VIC,219,Isaacs,31568,Special Hospital Team 2,Q,21358,5,"FREEMAN, Shelly",Australian Labor Party,0
VIC,219,Isaacs,31568,Special Hospital Team 2,R,22120,0,R Ticket Votes,Secular Party of Australia,0
VIC,219,Isaacs,31568,Special Hospital Team 2,R,20874,1,"PERKINS, John Leslie",Secular Party of Australia,0
VIC,219,Isaacs,31568,Special Hospital Team 2,R,20877,2,"SCEATS, Rosemary Elizabeth",Secular Party of Australia,0
VIC,219,Isaacs,31568,Special Hospital Team 2,S,22134,0,S Ticket Votes,Carers Alliance,0
VIC,219,Isaacs,31568,Special Hospital Team 2,S,21941,1,"MONTEAGLE, Christopher",Carers Alliance,0
VIC,219,Isaacs,31568,Special Hospital Team 2,S,21942,2,"PEACOCK, Wendy",Carers Alliance,0
VIC,219,Isaacs,31568,Special Hospital Team 2,T,22122,0,T Ticket Votes,Liberal Democrats (LDP),1
VIC,219,Isaacs,31568,Special Hospital Team 2,T,21251,1,"CURRIE, Ross",Liberal Democrats (LDP),0
VIC,219,Isaacs,31568,Special Hospital Team 2,T,21310,2,"KLASS, Graeme Michael",Liberal Democrats (LDP),0
VIC,219,Isaacs,31568,Special Hospital Team 2,U,22133,0,U Ticket Votes,,0
VIC,219,Isaacs,31568,Special Hospital Team 2,U,21913,1,"MAYNE, Stephen",,0
VIC,219,Isaacs,31568,Special Hospital Team 2,U,21914,2,"PICCININI, Paula",,0
VIC,219,Isaacs,31568,Special Hospital Team 2,UG,20887,1,"BEALE, Grant",Independent,0
VIC,219,Isaacs,31568,Special Hospital Team 2,UG,21428,2,"SHEA, Glenn",Independent,0
VIC,219,Isaacs,31568,Special Hospital Team 2,ZZ,0,99,INFORMAL,,1
VIC,219,Isaacs,31575,Cheltenham (Isaacs),A,22119,0,A Ticket Votes,Socialist Equality Party,2
VIC,219,Isaacs,31575,Cheltenham (Isaacs),A,20946,1,"O'CONNOR, Patrick",Socialist Equality Party,0
VIC,219,Isaacs,31575,Cheltenham (Isaacs),A,20951,2,"VONGVIXAY, Keo",Socialist Equality Party,0
VIC,219,Isaacs,31575,Cheltenham (Isaacs),B,22126,0,B Ticket Votes,,0
VIC,219,Isaacs,31575,Cheltenham (Isaacs),B,21509,1,"TOSCANO, Joseph",,1
VIC,219,Isaacs,31575,Cheltenham (Isaacs),B,21512,2,"WARFE, Jenny",,0
VIC,219,Isaacs,31575,Cheltenham (Isaacs),B,21514,3,"SADAUSKAS, Andrew",,0
VIC,219,Isaacs,31575,Cheltenham (Isaacs),C,22129,0,C Ticket Votes,Family First,10
VIC,219,Isaacs,31575,Cheltenham (Isaacs),C,21716,1,"FIELDING, Steven",Family First,3
VIC,219,Isaacs,31575,Cheltenham (Isaacs),C,21728,2,"PLUMRIDGE, Gary",Family First,0
VIC,219,Isaacs,31575,Cheltenham (Isaacs),C,21732,3,"BOWN SEELEY, Ann Edith",Family First,0
VIC,219,Isaacs,31575,Cheltenham (Isaacs),C,21735,4,"GOH, Yuli",Family First,0
VIC,219,Isaacs,31575,Cheltenham (Isaacs),C,21737,5,"KHOO, Joyce",Family First,0
VIC,219,Isaacs,31575,Cheltenham (Isaacs),D,22131,0,D Ticket Votes,Australian Greens,240
VIC,219,Isaacs,31575,Cheltenham (Isaacs),D,21875,1,"DI NATALE, Richard",Australian Greens,14
VIC,219,Isaacs,31575,Cheltenham (Isaacs),D,21877,2,"RICE, Janet",Australian Greens,1
VIC,219,Isaacs,31575,Cheltenham (Isaacs),D,21878,3,"BUI, Nam",Australian Greens,0
VIC,219,Isaacs,31575,Cheltenham (Isaacs),D,21883,4,"HARGRAVE, Jen",Australian Greens,0
VIC,219,Isaacs,31575,Cheltenham (Isaacs),D,21885,5,"RIVENDELL, Julie",Australian Greens,0
VIC,219,Isaacs,31575,Cheltenham (Isaacs),D,21887,6,"SHNOOKAL, Liezl",Australian Greens,0
VIC,219,Isaacs,31575,Cheltenham (Isaacs),E,22123,0,E Ticket Votes,Senator On-Line,1
VIC,219,Isaacs,31575,Cheltenham (Isaacs),E,21434,1,"SARGENT, Glenn R",Senator On-Line,0
VIC,219,Isaacs,31575,Cheltenham (Isaacs),E,21437,2,"WARDLE, Emma Louise",Senator On-Line,0
VIC,219,Isaacs,31575,Cheltenham (Isaacs),F,22136,0,F Ticket Votes,Democratic Labor Party (DLP) of Australia,13
VIC,219,Isaacs,31575,Cheltenham (Isaacs),F,21985,1,"MADIGAN, John",Democratic Labor Party (DLP) of Australia,0
VIC,219,Isaacs,31575,Cheltenham (Isaacs),F,21987,2,"GONSALVEZ, Geraldine",Democratic Labor Party (DLP) of Australia,0
VIC,219,Isaacs,31575,Cheltenham (Isaacs),F,21989,3,"KAVANAGH, John",Democratic Labor Party (DLP) of Australia,0
VIC,219,Isaacs,31575,Cheltenham (Isaacs),G,22128,0,G Ticket Votes,Australian Democrats,8
VIC,219,Isaacs,31575,Cheltenham (Isaacs),G,21708,1,"HOWE, Roger",Australian Democrats,1
VIC,219,Isaacs,31575,Cheltenham (Isaacs),G,21711,2,"WESTGARTH, Rick",Australian Democrats,0
VIC,219,Isaacs,31575,Cheltenham (Isaacs),H,22125,0,H Ticket Votes,Shooters and Fishers,4
VIC,219,Isaacs,31575,Cheltenham (Isaacs),H,21443,1,"KELLY, Peter Maxwell",Shooters and Fishers,0
VIC,219,Isaacs,31575,Cheltenham (Isaacs),H,21445,2,"KRSTIC, Alex",Shooters and Fishers,0
VIC,219,Isaacs,31575,Cheltenham (Isaacs),I,22117,0,I Ticket Votes,Australian Sex Party,25
VIC,219,Isaacs,31575,Cheltenham (Isaacs),I,20835,1,"PATTEN, Fiona",Australian Sex Party,2
VIC,219,Isaacs,31575,Cheltenham (Isaacs),I,20836,2,"WILSON, Emma",Australian Sex Party,0
VIC,219,Isaacs,31575,Cheltenham (Isaacs),I,20837,3,"BLAKEY, Katie",Australian Sex Party,0
VIC,219,Isaacs,31575,Cheltenham (Isaacs),J,22130,0,J Ticket Votes,The Climate Sceptics,2
VIC,219,Isaacs,31575,Cheltenham (Isaacs),J,21869,1,"DAWSON, Chris",The Climate Sceptics,0
VIC,219,Isaacs,31575,Cheltenham (Isaacs),J,21872,2,"HOLMES, Lee",The Climate Sceptics,0
VIC,219,Isaacs,31575,Cheltenham (Isaacs),K,22121,0,K Ticket Votes,Socialist Alliance,2
VIC,219,Isaacs,31575,Cheltenham (Isaacs),K,21108,1,"WINDISCH, Margarita",Socialist Alliance,0
VIC,219,Isaacs,31575,Cheltenham (Isaacs),K,21114,2,"FIREBRACE, Sharon",Socialist Alliance,0
VIC,219,Isaacs,31575,Cheltenham (Isaacs),K,21116,3,"GUY, Ron",Socialist Alliance,0
VIC,219,Isaacs,31575,Cheltenham (Isaacs),L,22116,0,L Ticket Votes,Citizens Electoral Council,0
VIC,219,Isaacs,31575,Cheltenham (Isaacs),L,20771,1,"MITCHELL, Doug",Citizens Electoral Council,1
VIC,219,Isaacs,31575,Cheltenham (Isaacs),L,20775,2,"ISHERWOOD, Katherine",Citizens Electoral Council,0
VIC,219,Isaacs,31575,Cheltenham (Isaacs),M,22135,0,M Ticket Votes,Building Australia,1
VIC,219,Isaacs,31575,Cheltenham (Isaacs),M,21982,1,"EVANS, Darren",Building Australia,0
VIC,219,Isaacs,31575,Cheltenham (Isaacs),M,21983,2,"WHITE, Sam",Building Australia,0
VIC,219,Isaacs,31575,Cheltenham (Isaacs),N,22127,0,N Ticket Votes,One Nation,0
VIC,219,Isaacs,31575,Cheltenham (Isaacs),N,21700,1,"TOWNSEND, Rosalyn",One Nation,0
VIC,219,Isaacs,31575,Cheltenham (Isaacs),N,21704,2,"TOWNSEND, Phillip",One Nation,0
VIC,219,Isaacs,31575,Cheltenham (Isaacs),O,22118,0,O Ticket Votes,Liberal/The Nationals,404
VIC,219,Isaacs,31575,Cheltenham (Isaacs),O,21950,1,"RONALDSON, Michael",Liberal,1
VIC,219,Isaacs,31575,Cheltenham (Isaacs),O,21952,2,"McKENZIE, Bridget",The Nationals,1
VIC,219,Isaacs,31575,Cheltenham (Isaacs),O,21954,3,"McGAURAN, Julian",Liberal,0
VIC,219,Isaacs,31575,Cheltenham (Isaacs),O,21956,4,"JENNISON, Susan",Liberal,0
VIC,219,Isaacs,31575,Cheltenham (Isaacs),P,22132,0,P Ticket Votes,Christian Democratic Party,3
VIC,219,Isaacs,31575,Cheltenham (Isaacs),P,21894,1,"JANSON, Vickie",Christian Democratic Party,0
VIC,219,Isaacs,31575,Cheltenham (Isaacs),P,21911,2,"EDDY-VEITZ, BEN",Christian Democratic Party,0
VIC,219,Isaacs,31575,Cheltenham (Isaacs),Q,22124,0,Q Ticket Votes,Australian Labor Party,355
VIC,219,Isaacs,31575,Cheltenham (Isaacs),Q,21330,1,"CARR, Kim John",Australian Labor Party,6
VIC,219,Isaacs,31575,Cheltenham (Isaacs),Q,21337,2,"CONROY, Stephen Michael",Australian Labor Party,0
VIC,219,Isaacs,31575,Cheltenham (Isaacs),Q,21344,3,"THOW, Antony",Australian Labor Party,1
VIC,219,Isaacs,31575,Cheltenham (Isaacs),Q,21347,4,"LEWIS, Marg",Australian Labor Party,0
VIC,219,Isaacs,31575,Cheltenham (Isaacs),Q,21358,5,"FREEMAN, Shelly",Australian Labor Party,4
VIC,219,Isaacs,31575,Cheltenham (Isaacs),R,22120,0,R Ticket Votes,Secular Party of Australia,2
VIC,219,Isaacs,31575,Cheltenham (Isaacs),R,20874,1,"PERKINS, John Leslie",Secular Party of Australia,1
VIC,219,Isaacs,31575,Cheltenham (Isaacs),R,20877,2,"SCEATS, Rosemary Elizabeth",Secular Party of Australia,1
VIC,219,Isaacs,31575,Cheltenham (Isaacs),S,22134,0,S Ticket Votes,Carers Alliance,1
VIC,219,Isaacs,31575,Cheltenham (Isaacs),S,21941,1,"MONTEAGLE, Christopher",Carers Alliance,0
VIC,219,Isaacs,31575,Cheltenham (Isaacs),S,21942,2,"PEACOCK, Wendy",Carers Alliance,0
VIC,219,Isaacs,31575,Cheltenham (Isaacs),T,22122,0,T Ticket Votes,Liberal Democrats (LDP),21
VIC,219,Isaacs,31575,Cheltenham (Isaacs),T,21251,1,"CURRIE, Ross",Liberal Democrats (LDP),0
VIC,219,Isaacs,31575,Cheltenham (Isaacs),T,21310,2,"KLASS, Graeme Michael",Liberal Democrats (LDP),0
VIC,219,Isaacs,31575,Cheltenham (Isaacs),U,22133,0,U Ticket Votes,,1
VIC,219,Isaacs,31575,Cheltenham (Isaacs),U,21913,1,"MAYNE, Stephen",,2
VIC,219,Isaacs,31575,Cheltenham (Isaacs),U,21914,2,"PICCININI, Paula",,0
VIC,219,Isaacs,31575,Cheltenham (Isaacs),UG,20887,1,"BEALE, Grant",Independent,0
VIC,219,Isaacs,31575,Cheltenham (Isaacs),UG,21428,2,"SHEA, Glenn",Independent,0
VIC,219,Isaacs,31575,Cheltenham (Isaacs),ZZ,0,99,INFORMAL,,45
VIC,219,Isaacs,31577,Cheltenham East (Isaacs),A,22119,0,A Ticket Votes,Socialist Equality Party,3
VIC,219,Isaacs,31577,Cheltenham East (Isaacs),A,20946,1,"O'CONNOR, Patrick",Socialist Equality Party,0
VIC,219,Isaacs,31577,Cheltenham East (Isaacs),A,20951,2,"VONGVIXAY, Keo",Socialist Equality Party,0
VIC,219,Isaacs,31577,Cheltenham East (Isaacs),B,22126,0,B Ticket Votes,,1
VIC,219,Isaacs,31577,Cheltenham East (Isaacs),B,21509,1,"TOSCANO, Joseph",,0
VIC,219,Isaacs,31577,Cheltenham East (Isaacs),B,21512,2,"WARFE, Jenny",,0
VIC,219,Isaacs,31577,Cheltenham East (Isaacs),B,21514,3,"SADAUSKAS, Andrew",,0
VIC,219,Isaacs,31577,Cheltenham East (Isaacs),C,22129,0,C Ticket Votes,Family First,7
VIC,219,Isaacs,31577,Cheltenham East (Isaacs),C,21716,1,"FIELDING, Steven",Family First,1
VIC,219,Isaacs,31577,Cheltenham East (Isaacs),C,21728,2,"PLUMRIDGE, Gary",Family First,0
VIC,219,Isaacs,31577,Cheltenham East (Isaacs),C,21732,3,"BOWN SEELEY, Ann Edith",Family First,0
VIC,219,Isaacs,31577,Cheltenham East (Isaacs),C,21735,4,"GOH, Yuli",Family First,0
VIC,219,Isaacs,31577,Cheltenham East (Isaacs),C,21737,5,"KHOO, Joyce",Family First,0
VIC,219,Isaacs,31577,Cheltenham East (Isaacs),D,22131,0,D Ticket Votes,Australian Greens,82
VIC,219,Isaacs,31577,Cheltenham East (Isaacs),D,21875,1,"DI NATALE, Richard",Australian Greens,5
VIC,219,Isaacs,31577,Cheltenham East (Isaacs),D,21877,2,"RICE, Janet",Australian Greens,0
VIC,219,Isaacs,31577,Cheltenham East (Isaacs),D,21878,3,"BUI, Nam",Australian Greens,0
VIC,219,Isaacs,31577,Cheltenham East (Isaacs),D,21883,4,"HARGRAVE, Jen",Australian Greens,1
VIC,219,Isaacs,31577,Cheltenham East (Isaacs),D,21885,5,"RIVENDELL, Julie",Australian Greens,0
VIC,219,Isaacs,31577,Cheltenham East (Isaacs),D,21887,6,"SHNOOKAL, Liezl",Australian Greens,0
VIC,219,Isaacs,31577,Cheltenham East (Isaacs),E,22123,0,E Ticket Votes,Senator On-Line,1
VIC,219,Isaacs,31577,Cheltenham East (Isaacs),E,21434,1,"SARGENT, Glenn R",Senator On-Line,0
VIC,219,Isaacs,31577,Cheltenham East (Isaacs),E,21437,2,"WARDLE, Emma Louise",Senator On-Line,0
VIC,219,Isaacs,31577,Cheltenham East (Isaacs),F,22136,0,F Ticket Votes,Democratic Labor Party (DLP) of Australia,13
VIC,219,Isaacs,31577,Cheltenham East (Isaacs),F,21985,1,"MADIGAN, John",Democratic Labor Party (DLP) of Australia,1
VIC,219,Isaacs,31577,Cheltenham East (Isaacs),F,21987,2,"GONSALVEZ, Geraldine",Democratic Labor Party (DLP) of Australia,0
VIC,219,Isaacs,31577,Cheltenham East (Isaacs),F,21989,3,"KAVANAGH, John",Democratic Labor Party (DLP) of Australia,0
VIC,219,Isaacs,31577,Cheltenham East (Isaacs),G,22128,0,G Ticket Votes,Australian Democrats,5
VIC,219,Isaacs,31577,Cheltenham East (Isaacs),G,21708,1,"HOWE, Roger",Australian Democrats,0
VIC,219,Isaacs,31577,Cheltenham East (Isaacs),G,21711,2,"WESTGARTH, Rick",Australian Democrats,0
VIC,219,Isaacs,31577,Cheltenham East (Isaacs),H,22125,0,H Ticket Votes,Shooters and Fishers,6
VIC,219,Isaacs,31577,Cheltenham East (Isaacs),H,21443,1,"KELLY, Peter Maxwell",Shooters and Fishers,0
VIC,219,Isaacs,31577,Cheltenham East (Isaacs),H,21445,2,"KRSTIC, Alex",Shooters and Fishers,0
VIC,219,Isaacs,31577,Cheltenham East (Isaacs),I,22117,0,I Ticket Votes,Australian Sex Party,12
VIC,219,Isaacs,31577,Cheltenham East (Isaacs),I,20835,1,"PATTEN, Fiona",Australian Sex Party,0
VIC,219,Isaacs,31577,Cheltenham East (Isaacs),I,20836,2,"WILSON, Emma",Australian Sex Party,0
VIC,219,Isaacs,31577,Cheltenham East (Isaacs),I,20837,3,"BLAKEY, Katie",Australian Sex Party,0
VIC,219,Isaacs,31577,Cheltenham East (Isaacs),J,22130,0,J Ticket Votes,The Climate Sceptics,1
VIC,219,Isaacs,31577,Cheltenham East (Isaacs),J,21869,1,"DAWSON, Chris",The Climate Sceptics,0
VIC,219,Isaacs,31577,Cheltenham East (Isaacs),J,21872,2,"HOLMES, Lee",The Climate Sceptics,0
VIC,219,Isaacs,31577,Cheltenham East (Isaacs),K,22121,0,K Ticket Votes,Socialist Alliance,0
VIC,219,Isaacs,31577,Cheltenham East (Isaacs),K,21108,1,"WINDISCH, Margarita",Socialist Alliance,0
VIC,219,Isaacs,31577,Cheltenham East (Isaacs),K,21114,2,"FIREBRACE, Sharon",Socialist Alliance,0
VIC,219,Isaacs,31577,Cheltenham East (Isaacs),K,21116,3,"GUY, Ron",Socialist Alliance,0
VIC,219,Isaacs,31577,Cheltenham East (Isaacs),L,22116,0,L Ticket Votes,Citizens Electoral Council,3
VIC,219,Isaacs,31577,Cheltenham East (Isaacs),L,20771,1,"MITCHELL, Doug",Citizens Electoral Council,0
VIC,219,Isaacs,31577,Cheltenham East (Isaacs),L,20775,2,"ISHERWOOD, Katherine",Citizens Electoral Council,0
VIC,219,Isaacs,31577,Cheltenham East (Isaacs),M,22135,0,M Ticket Votes,Building Australia,1
VIC,219,Isaacs,31577,Cheltenham East (Isaacs),M,21982,1,"EVANS, Darren",Building Australia,0
VIC,219,Isaacs,31577,Cheltenham East (Isaacs),M,21983,2,"WHITE, Sam",Building Australia,0
VIC,219,Isaacs,31577,Cheltenham East (Isaacs),N,22127,0,N Ticket Votes,One Nation,2
VIC,219,Isaacs,31577,Cheltenham East (Isaacs),N,21700,1,"TOWNSEND, Rosalyn",One Nation,0
VIC,219,Isaacs,31577,Cheltenham East (Isaacs),N,21704,2,"TOWNSEND, Phillip",One Nation,0
VIC,219,Isaacs,31577,Cheltenham East (Isaacs),O,22118,0,O Ticket Votes,Liberal/The Nationals,199
VIC,219,Isaacs,31577,Cheltenham East (Isaacs),O,21950,1,"RONALDSON, Michael",Liberal,1
VIC,219,Isaacs,31577,Cheltenham East (Isaacs),O,21952,2,"McKENZIE, Bridget",The Nationals,0
VIC,219,Isaacs,31577,Cheltenham East (Isaacs),O,21954,3,"McGAURAN, Julian",Liberal,0
VIC,219,Isaacs,31577,Cheltenham East (Isaacs),O,21956,4,"JENNISON, Susan",Liberal,1
VIC,219,Isaacs,31577,Cheltenham East (Isaacs),P,22132,0,P Ticket Votes,Christian Democratic Party,1
VIC,219,Isaacs,31577,Cheltenham East (Isaacs),P,21894,1,"JANSON, Vickie",Christian Democratic Party,0
VIC,219,Isaacs,31577,Cheltenham East (Isaacs),P,21911,2,"EDDY-VEITZ, BEN",Christian Democratic Party,0
VIC,219,Isaacs,31577,Cheltenham East (Isaacs),Q,22124,0,Q Ticket Votes,Australian Labor Party,247
VIC,219,Isaacs,31577,Cheltenham East (Isaacs),Q,21330,1,"CARR, Kim John",Australian Labor Party,2
VIC,219,Isaacs,31577,Cheltenham East (Isaacs),Q,21337,2,"CONROY, Stephen Michael",Australian Labor Party,0
VIC,219,Isaacs,31577,Cheltenham East (Isaacs),Q,21344,3,"THOW, Antony",Australian Labor Party,0
VIC,219,Isaacs,31577,Cheltenham East (Isaacs),Q,21347,4,"LEWIS, Marg",Australian Labor Party,0
VIC,219,Isaacs,31577,Cheltenham East (Isaacs),Q,21358,5,"FREEMAN, Shelly",Australian Labor Party,0
VIC,219,Isaacs,31577,Cheltenham East (Isaacs),R,22120,0,R Ticket Votes,Secular Party of Australia,0
VIC,219,Isaacs,31577,Cheltenham East (Isaacs),R,20874,1,"PERKINS, John Leslie",Secular Party of Australia,3
VIC,219,Isaacs,31577,Cheltenham East (Isaacs),R,20877,2,"SCEATS, Rosemary Elizabeth",Secular Party of Australia,0
VIC,219,Isaacs,31577,Cheltenham East (Isaacs),S,22134,0,S Ticket Votes,Carers Alliance,1
VIC,219,Isaacs,31577,Cheltenham East (Isaacs),S,21941,1,"MONTEAGLE, Christopher",Carers Alliance,0
VIC,219,Isaacs,31577,Cheltenham East (Isaacs),S,21942,2,"PEACOCK, Wendy",Carers Alliance,0
VIC,219,Isaacs,31577,Cheltenham East (Isaacs),T,22122,0,T Ticket Votes,Liberal Democrats (LDP),10
VIC,219,Isaacs,31577,Cheltenham East (Isaacs),T,21251,1,"CURRIE, Ross",Liberal Democrats (LDP),0
VIC,219,Isaacs,31577,Cheltenham East (Isaacs),T,21310,2,"KLASS, Graeme Michael",Liberal Democrats (LDP),0
VIC,219,Isaacs,31577,Cheltenham East (Isaacs),U,22133,0,U Ticket Votes,,1
VIC,219,Isaacs,31577,Cheltenham East (Isaacs),U,21913,1,"MAYNE, Stephen",,0
VIC,219,Isaacs,31577,Cheltenham East (Isaacs),U,21914,2,"PICCININI, Paula",,0
VIC,219,Isaacs,31577,Cheltenham East (Isaacs),UG,20887,1,"BEALE, Grant",Independent,0
VIC,219,Isaacs,31577,Cheltenham East (Isaacs),UG,21428,2,"SHEA, Glenn",Independent,0
VIC,219,Isaacs,31577,Cheltenham East (Isaacs),ZZ,0,99,INFORMAL,,36
VIC,219,Isaacs,31778,Coomoora,A,22119,0,A Ticket Votes,Socialist Equality Party,12
VIC,219,Isaacs,31778,Coomoora,A,20946,1,"O'CONNOR, Patrick",Socialist Equality Party,9
VIC,219,Isaacs,31778,Coomoora,A,20951,2,"VONGVIXAY, Keo",Socialist Equality Party,0
VIC,219,Isaacs,31778,Coomoora,B,22126,0,B Ticket Votes,,5
VIC,219,Isaacs,31778,Coomoora,B,21509,1,"TOSCANO, Joseph",,2
VIC,219,Isaacs,31778,Coomoora,B,21512,2,"WARFE, Jenny",,0
VIC,219,Isaacs,31778,Coomoora,B,21514,3,"SADAUSKAS, Andrew",,0
VIC,219,Isaacs,31778,Coomoora,C,22129,0,C Ticket Votes,Family First,131
VIC,219,Isaacs,31778,Coomoora,C,21716,1,"FIELDING, Steven",Family First,2
VIC,219,Isaacs,31778,Coomoora,C,21728,2,"PLUMRIDGE, Gary",Family First,0
VIC,219,Isaacs,31778,Coomoora,C,21732,3,"BOWN SEELEY, Ann Edith",Family First,0
VIC,219,Isaacs,31778,Coomoora,C,21735,4,"GOH, Yuli",Family First,0
VIC,219,Isaacs,31778,Coomoora,C,21737,5,"KHOO, Joyce",Family First,0
VIC,219,Isaacs,31778,Coomoora,D,22131,0,D Ticket Votes,Australian Greens,334
VIC,219,Isaacs,31778,Coomoora,D,21875,1,"DI NATALE, Richard",Australian Greens,11
VIC,219,Isaacs,31778,Coomoora,D,21877,2,"RICE, Janet",Australian Greens,2
VIC,219,Isaacs,31778,Coomoora,D,21878,3,"BUI, Nam",Australian Greens,1
VIC,219,Isaacs,31778,Coomoora,D,21883,4,"HARGRAVE, Jen",Australian Greens,0
VIC,219,Isaacs,31778,Coomoora,D,21885,5,"RIVENDELL, Julie",Australian Greens,0
VIC,219,Isaacs,31778,Coomoora,D,21887,6,"SHNOOKAL, Liezl",Australian Greens,0
VIC,219,Isaacs,31778,Coomoora,E,22123,0,E Ticket Votes,Senator On-Line,5
VIC,219,Isaacs,31778,Coomoora,E,21434,1,"SARGENT, Glenn R",Senator On-Line,1
VIC,219,Isaacs,31778,Coomoora,E,21437,2,"WARDLE, Emma Louise",Senator On-Line,0
VIC,219,Isaacs,31778,Coomoora,F,22136,0,F Ticket Votes,Democratic Labor Party (DLP) of Australia,161
VIC,219,Isaacs,31778,Coomoora,F,21985,1,"MADIGAN, John",Democratic Labor Party (DLP) of Australia,3
VIC,219,Isaacs,31778,Coomoora,F,21987,2,"GONSALVEZ, Geraldine",Democratic Labor Party (DLP) of Australia,2
VIC,219,Isaacs,31778,Coomoora,F,21989,3,"KAVANAGH, John",Democratic Labor Party (DLP) of Australia,0
VIC,219,Isaacs,31778,Coomoora,G,22128,0,G Ticket Votes,Australian Democrats,7
VIC,219,Isaacs,31778,Coomoora,G,21708,1,"HOWE, Roger",Australian Democrats,0
VIC,219,Isaacs,31778,Coomoora,G,21711,2,"WESTGARTH, Rick",Australian Democrats,0
VIC,219,Isaacs,31778,Coomoora,H,22125,0,H Ticket Votes,Shooters and Fishers,28
VIC,219,Isaacs,31778,Coomoora,H,21443,1,"KELLY, Peter Maxwell",Shooters and Fishers,1
VIC,219,Isaacs,31778,Coomoora,H,21445,2,"KRSTIC, Alex",Shooters and Fishers,0
VIC,219,Isaacs,31778,Coomoora,I,22117,0,I Ticket Votes,Australian Sex Party,74
VIC,219,Isaacs,31778,Coomoora,I,20835,1,"PATTEN, Fiona",Australian Sex Party,0
VIC,219,Isaacs,31778,Coomoora,I,20836,2,"WILSON, Emma",Australian Sex Party,0
VIC,219,Isaacs,31778,Coomoora,I,20837,3,"BLAKEY, Katie",Australian Sex Party,2
VIC,219,Isaacs,31778,Coomoora,J,22130,0,J Ticket Votes,The Climate Sceptics,3
VIC,219,Isaacs,31778,Coomoora,J,21869,1,"DAWSON, Chris",The Climate Sceptics,0
VIC,219,Isaacs,31778,Coomoora,J,21872,2,"HOLMES, Lee",The Climate Sceptics,0
VIC,219,Isaacs,31778,Coomoora,K,22121,0,K Ticket Votes,Socialist Alliance,3
VIC,219,Isaacs,31778,Coomoora,K,21108,1,"WINDISCH, Margarita",Socialist Alliance,0
VIC,219,Isaacs,31778,Coomoora,K,21114,2,"FIREBRACE, Sharon",Socialist Alliance,0
VIC,219,Isaacs,31778,Coomoora,K,21116,3,"GUY, Ron",Socialist Alliance,0
VIC,219,Isaacs,31778,Coomoora,L,22116,0,L Ticket Votes,Citizens Electoral Council,7
VIC,219,Isaacs,31778,Coomoora,L,20771,1,"MITCHELL, Doug",Citizens Electoral Council,1
VIC,219,Isaacs,31778,Coomoora,L,20775,2,"ISHERWOOD, Katherine",Citizens Electoral Council,0
VIC,219,Isaacs,31778,Coomoora,M,22135,0,M Ticket Votes,Building Australia,8
VIC,219,Isaacs,31778,Coomoora,M,21982,1,"EVANS, Darren",Building Australia,0
VIC,219,Isaacs,31778,Coomoora,M,21983,2,"WHITE, Sam",Building Australia,0
VIC,219,Isaacs,31778,Coomoora,N,22127,0,N Ticket Votes,One Nation,9
VIC,219,Isaacs,31778,Coomoora,N,21700,1,"TOWNSEND, Rosalyn",One Nation,0
VIC,219,Isaacs,31778,Coomoora,N,21704,2,"TOWNSEND, Phillip",One Nation,0
VIC,219,Isaacs,31778,Coomoora,O,22118,0,O Ticket Votes,Liberal/The Nationals,683
VIC,219,Isaacs,31778,Coomoora,O,21950,1,"RONALDSON, Michael",Liberal,5
VIC,219,Isaacs,31778,Coomoora,O,21952,2,"McKENZIE, Bridget",The Nationals,0
VIC,219,Isaacs,31778,Coomoora,O,21954,3,"McGAURAN, Julian",Liberal,1
VIC,219,Isaacs,31778,Coomoora,O,21956,4,"JENNISON, Susan",Liberal,1
VIC,219,Isaacs,31778,Coomoora,P,22132,0,P Ticket Votes,Christian Democratic Party,7
VIC,219,Isaacs,31778,Coomoora,P,21894,1,"JANSON, Vickie",Christian Democratic Party,0
VIC,219,Isaacs,31778,Coomoora,P,21911,2,"EDDY-VEITZ, BEN",Christian Democratic Party,0
VIC,219,Isaacs,31778,Coomoora,Q,22124,0,Q Ticket Votes,Australian Labor Party,1954
VIC,219,Isaacs,31778,Coomoora,Q,21330,1,"CARR, Kim John",Australian Labor Party,13
VIC,219,Isaacs,31778,Coomoora,Q,21337,2,"CONROY, Stephen Michael",Australian Labor Party,1
VIC,219,Isaacs,31778,Coomoora,Q,21344,3,"THOW, Antony",Australian Labor Party,0
VIC,219,Isaacs,31778,Coomoora,Q,21347,4,"LEWIS, Marg",Australian Labor Party,1
VIC,219,Isaacs,31778,Coomoora,Q,21358,5,"FREEMAN, Shelly",Australian Labor Party,0
VIC,219,Isaacs,31778,Coomoora,R,22120,0,R Ticket Votes,Secular Party of Australia,2
VIC,219,Isaacs,31778,Coomoora,R,20874,1,"PERKINS, John Leslie",Secular Party of Australia,0
VIC,219,Isaacs,31778,Coomoora,R,20877,2,"SCEATS, Rosemary Elizabeth",Secular Party of Australia,0
VIC,219,Isaacs,31778,Coomoora,S,22134,0,S Ticket Votes,Carers Alliance,4
VIC,219,Isaacs,31778,Coomoora,S,21941,1,"MONTEAGLE, Christopher",Carers Alliance,0
VIC,219,Isaacs,31778,Coomoora,S,21942,2,"PEACOCK, Wendy",Carers Alliance,0
VIC,219,Isaacs,31778,Coomoora,T,22122,0,T Ticket Votes,Liberal Democrats (LDP),68
VIC,219,Isaacs,31778,Coomoora,T,21251,1,"CURRIE, Ross",Liberal Democrats (LDP),1
VIC,219,Isaacs,31778,Coomoora,T,21310,2,"KLASS, Graeme Michael",Liberal Democrats (LDP),0
VIC,219,Isaacs,31778,Coomoora,U,22133,0,U Ticket Votes,,0
VIC,219,Isaacs,31778,Coomoora,U,21913,1,"MAYNE, Stephen",,0
VIC,219,Isaacs,31778,Coomoora,U,21914,2,"PICCININI, Paula",,0
VIC,219,Isaacs,31778,Coomoora,UG,20887,1,"BEALE, Grant",Independent,1
VIC,219,Isaacs,31778,Coomoora,UG,21428,2,"SHEA, Glenn",Independent,0
VIC,219,Isaacs,31778,Coomoora,ZZ,0,99,INFORMAL,,226
VIC,219,Isaacs,31974,Lyrebird,A,22119,0,A Ticket Votes,Socialist Equality Party,11
VIC,219,Isaacs,31974,Lyrebird,A,20946,1,"O'CONNOR, Patrick",Socialist Equality Party,2
VIC,219,Isaacs,31974,Lyrebird,A,20951,2,"VONGVIXAY, Keo",Socialist Equality Party,0
VIC,219,Isaacs,31974,Lyrebird,B,22126,0,B Ticket Votes,,3
VIC,219,Isaacs,31974,Lyrebird,B,21509,1,"TOSCANO, Joseph",,0
VIC,219,Isaacs,31974,Lyrebird,B,21512,2,"WARFE, Jenny",,0
VIC,219,Isaacs,31974,Lyrebird,B,21514,3,"SADAUSKAS, Andrew",,0
VIC,219,Isaacs,31974,Lyrebird,C,22129,0,C Ticket Votes,Family First,150
VIC,219,Isaacs,31974,Lyrebird,C,21716,1,"FIELDING, Steven",Family First,8
VIC,219,Isaacs,31974,Lyrebird,C,21728,2,"PLUMRIDGE, Gary",Family First,0
VIC,219,Isaacs,31974,Lyrebird,C,21732,3,"BOWN SEELEY, Ann Edith",Family First,0
VIC,219,Isaacs,31974,Lyrebird,C,21735,4,"GOH, Yuli",Family First,0
VIC,219,Isaacs,31974,Lyrebird,C,21737,5,"KHOO, Joyce",Family First,1
VIC,219,Isaacs,31974,Lyrebird,D,22131,0,D Ticket Votes,Australian Greens,364
VIC,219,Isaacs,31974,Lyrebird,D,21875,1,"DI NATALE, Richard",Australian Greens,22
VIC,219,Isaacs,31974,Lyrebird,D,21877,2,"RICE, Janet",Australian Greens,0
VIC,219,Isaacs,31974,Lyrebird,D,21878,3,"BUI, Nam",Australian Greens,0
VIC,219,Isaacs,31974,Lyrebird,D,21883,4,"HARGRAVE, Jen",Australian Greens,0
VIC,219,Isaacs,31974,Lyrebird,D,21885,5,"RIVENDELL, Julie",Australian Greens,0
VIC,219,Isaacs,31974,Lyrebird,D,21887,6,"SHNOOKAL, Liezl",Australian Greens,1
VIC,219,Isaacs,31974,Lyrebird,E,22123,0,E Ticket Votes,Senator On-Line,2
VIC,219,Isaacs,31974,Lyrebird,E,21434,1,"SARGENT, Glenn R",Senator On-Line,1
VIC,219,Isaacs,31974,Lyrebird,E,21437,2,"WARDLE, Emma Louise",Senator On-Line,0
VIC,219,Isaacs,31974,Lyrebird,F,22136,0,F Ticket Votes,Democratic Labor Party (DLP) of Australia,129
VIC,219,Isaacs,31974,Lyrebird,F,21985,1,"MADIGAN, John",Democratic Labor Party (DLP) of Australia,0
VIC,219,Isaacs,31974,Lyrebird,F,21987,2,"GONSALVEZ, Geraldine",Democratic Labor Party (DLP) of Australia,0
VIC,219,Isaacs,31974,Lyrebird,F,21989,3,"KAVANAGH, John",Democratic Labor Party (DLP) of Australia,0
VIC,219,Isaacs,31974,Lyrebird,G,22128,0,G Ticket Votes,Australian Democrats,14
VIC,219,Isaacs,31974,Lyrebird,G,21708,1,"HOWE, Roger",Australian Democrats,2
VIC,219,Isaacs,31974,Lyrebird,G,21711,2,"WESTGARTH, Rick",Australian Democrats,0
VIC,219,Isaacs,31974,Lyrebird,H,22125,0,H Ticket Votes,Shooters and Fishers,47
VIC,219,Isaacs,31974,Lyrebird,H,21443,1,"KELLY, Peter Maxwell",Shooters and Fishers,1
VIC,219,Isaacs,31974,Lyrebird,H,21445,2,"KRSTIC, Alex",Shooters and Fishers,0
VIC,219,Isaacs,31974,Lyrebird,I,22117,0,I Ticket Votes,Australian Sex Party,85
VIC,219,Isaacs,31974,Lyrebird,I,20835,1,"PATTEN, Fiona",Australian Sex Party,3
VIC,219,Isaacs,31974,Lyrebird,I,20836,2,"WILSON, Emma",Australian Sex Party,0
VIC,219,Isaacs,31974,Lyrebird,I,20837,3,"BLAKEY, Katie",Australian Sex Party,1
VIC,219,Isaacs,31974,Lyrebird,J,22130,0,J Ticket Votes,The Climate Sceptics,4
VIC,219,Isaacs,31974,Lyrebird,J,21869,1,"DAWSON, Chris",The Climate Sceptics,0
VIC,219,Isaacs,31974,Lyrebird,J,21872,2,"HOLMES, Lee",The Climate Sceptics,0
VIC,219,Isaacs,31974,Lyrebird,K,22121,0,K Ticket Votes,Socialist Alliance,2
VIC,219,Isaacs,31974,Lyrebird,K,21108,1,"WINDISCH, Margarita",Socialist Alliance,1
VIC,219,Isaacs,31974,Lyrebird,K,21114,2,"FIREBRACE, Sharon",Socialist Alliance,0
VIC,219,Isaacs,31974,Lyrebird,K,21116,3,"GUY, Ron",Socialist Alliance,0
VIC,219,Isaacs,31974,Lyrebird,L,22116,0,L Ticket Votes,Citizens Electoral Council,2
VIC,219,Isaacs,31974,Lyrebird,L,20771,1,"MITCHELL, Doug",Citizens Electoral Council,0
VIC,219,Isaacs,31974,Lyrebird,L,20775,2,"ISHERWOOD, Katherine",Citizens Electoral Council,0
VIC,219,Isaacs,31974,Lyrebird,M,22135,0,M Ticket Votes,Building Australia,3
VIC,219,Isaacs,31974,Lyrebird,M,21982,1,"EVANS, Darren",Building Australia,0
VIC,219,Isaacs,31974,Lyrebird,M,21983,2,"WHITE, Sam",Building Australia,0
VIC,219,Isaacs,31974,Lyrebird,N,22127,0,N Ticket Votes,One Nation,14
VIC,219,Isaacs,31974,Lyrebird,N,21700,1,"TOWNSEND, Rosalyn",One Nation,0
VIC,219,Isaacs,31974,Lyrebird,N,21704,2,"TOWNSEND, Phillip",One Nation,0
VIC,219,Isaacs,31974,Lyrebird,O,22118,0,O Ticket Votes,Liberal/The Nationals,996
VIC,219,Isaacs,31974,Lyrebird,O,21950,1,"RONALDSON, Michael",Liberal,4
VIC,219,Isaacs,31974,Lyrebird,O,21952,2,"McKENZIE, Bridget",The Nationals,0
VIC,219,Isaacs,31974,Lyrebird,O,21954,3,"McGAURAN, Julian",Liberal,0
VIC,219,Isaacs,31974,Lyrebird,O,21956,4,"JENNISON, Susan",Liberal,0
VIC,219,Isaacs,31974,Lyrebird,P,22132,0,P Ticket Votes,Christian Democratic Party,11
VIC,219,Isaacs,31974,Lyrebird,P,21894,1,"JANSON, Vickie",Christian Democratic Party,0
VIC,219,Isaacs,31974,Lyrebird,P,21911,2,"EDDY-VEITZ, BEN",Christian Democratic Party,0
VIC,219,Isaacs,31974,Lyrebird,Q,22124,0,Q Ticket Votes,Australian Labor Party,1565
VIC,219,Isaacs,31974,Lyrebird,Q,21330,1,"CARR, Kim John",Australian Labor Party,8
VIC,219,Isaacs,31974,Lyrebird,Q,21337,2,"CONROY, Stephen Michael",Australian Labor Party,1
VIC,219,Isaacs,31974,Lyrebird,Q,21344,3,"THOW, Antony",Australian Labor Party,0
VIC,219,Isaacs,31974,Lyrebird,Q,21347,4,"LEWIS, Marg",Australian Labor Party,1
VIC,219,Isaacs,31974,Lyrebird,Q,21358,5,"FREEMAN, Shelly",Australian Labor Party,0
VIC,219,Isaacs,31974,Lyrebird,R,22120,0,R Ticket Votes,Secular Party of Australia,3
VIC,219,Isaacs,31974,Lyrebird,R,20874,1,"PERKINS, John Leslie",Secular Party of Australia,0
VIC,219,Isaacs,31974,Lyrebird,R,20877,2,"SCEATS, Rosemary Elizabeth",Secular Party of Australia,0
VIC,219,Isaacs,31974,Lyrebird,S,22134,0,S Ticket Votes,Carers Alliance,4
VIC,219,Isaacs,31974,Lyrebird,S,21941,1,"MONTEAGLE, Christopher",Carers Alliance,0
VIC,219,Isaacs,31974,Lyrebird,S,21942,2,"PEACOCK, Wendy",Carers Alliance,0
VIC,219,Isaacs,31974,Lyrebird,T,22122,0,T Ticket Votes,Liberal Democrats (LDP),65
VIC,219,Isaacs,31974,Lyrebird,T,21251,1,"CURRIE, Ross",Liberal Democrats (LDP),0
VIC,219,Isaacs,31974,Lyrebird,T,21310,2,"KLASS, Graeme Michael",Liberal Democrats (LDP),0
VIC,219,Isaacs,31974,Lyrebird,U,22133,0,U Ticket Votes,,0
VIC,219,Isaacs,31974,Lyrebird,U,21913,1,"MAYNE, Stephen",,1
VIC,219,Isaacs,31974,Lyrebird,U,21914,2,"PICCININI, Paula",,0
VIC,219,Isaacs,31974,Lyrebird,UG,20887,1,"BEALE, Grant",Independent,0
VIC,219,Isaacs,31974,Lyrebird,UG,21428,2,"SHEA, Glenn",Independent,0
VIC,219,Isaacs,31974,Lyrebird,ZZ,0,99,INFORMAL,,258
VIC,219,Isaacs,33982,Melbourne (Isaacs),A,22119,0,A Ticket Votes,Socialist Equality Party,0
VIC,219,Isaacs,33982,Melbourne (Isaacs),A,20946,1,"O'CONNOR, Patrick",Socialist Equality Party,0
VIC,219,Isaacs,33982,Melbourne (Isaacs),A,20951,2,"VONGVIXAY, Keo",Socialist Equality Party,0
VIC,219,Isaacs,33982,Melbourne (Isaacs),B,22126,0,B Ticket Votes,,0
VIC,219,Isaacs,33982,Melbourne (Isaacs),B,21509,1,"TOSCANO, Joseph",,0
VIC,219,Isaacs,33982,Melbourne (Isaacs),B,21512,2,"WARFE, Jenny",,0
VIC,219,Isaacs,33982,Melbourne (Isaacs),B,21514,3,"SADAUSKAS, Andrew",,0
VIC,219,Isaacs,33982,Melbourne (Isaacs),C,22129,0,C Ticket Votes,Family First,1
VIC,219,Isaacs,33982,Melbourne (Isaacs),C,21716,1,"FIELDING, Steven",Family First,0
VIC,219,Isaacs,33982,Melbourne (Isaacs),C,21728,2,"PLUMRIDGE, Gary",Family First,0
VIC,219,Isaacs,33982,Melbourne (Isaacs),C,21732,3,"BOWN SEELEY, Ann Edith",Family First,0
VIC,219,Isaacs,33982,Melbourne (Isaacs),C,21735,4,"GOH, Yuli",Family First,0
VIC,219,Isaacs,33982,Melbourne (Isaacs),C,21737,5,"KHOO, Joyce",Family First,0
VIC,219,Isaacs,33982,Melbourne (Isaacs),D,22131,0,D Ticket Votes,Australian Greens,24
VIC,219,Isaacs,33982,Melbourne (Isaacs),D,21875,1,"DI NATALE, Richard",Australian Greens,1
VIC,219,Isaacs,33982,Melbourne (Isaacs),D,21877,2,"RICE, Janet",Australian Greens,0
VIC,219,Isaacs,33982,Melbourne (Isaacs),D,21878,3,"BUI, Nam",Australian Greens,0
VIC,219,Isaacs,33982,Melbourne (Isaacs),D,21883,4,"HARGRAVE, Jen",Australian Greens,0
VIC,219,Isaacs,33982,Melbourne (Isaacs),D,21885,5,"RIVENDELL, Julie",Australian Greens,0
VIC,219,Isaacs,33982,Melbourne (Isaacs),D,21887,6,"SHNOOKAL, Liezl",Australian Greens,1
VIC,219,Isaacs,33982,Melbourne (Isaacs),E,22123,0,E Ticket Votes,Senator On-Line,0
VIC,219,Isaacs,33982,Melbourne (Isaacs),E,21434,1,"SARGENT, Glenn R",Senator On-Line,0
VIC,219,Isaacs,33982,Melbourne (Isaacs),E,21437,2,"WARDLE, Emma Louise",Senator On-Line,0
VIC,219,Isaacs,33982,Melbourne (Isaacs),F,22136,0,F Ticket Votes,Democratic Labor Party (DLP) of Australia,2
VIC,219,Isaacs,33982,Melbourne (Isaacs),F,21985,1,"MADIGAN, John",Democratic Labor Party (DLP) of Australia,0
VIC,219,Isaacs,33982,Melbourne (Isaacs),F,21987,2,"GONSALVEZ, Geraldine",Democratic Labor Party (DLP) of Australia,0
VIC,219,Isaacs,33982,Melbourne (Isaacs),F,21989,3,"KAVANAGH, John",Democratic Labor Party (DLP) of Australia,0
VIC,219,Isaacs,33982,Melbourne (Isaacs),G,22128,0,G Ticket Votes,Australian Democrats,1
VIC,219,Isaacs,33982,Melbourne (Isaacs),G,21708,1,"HOWE, Roger",Australian Democrats,0
VIC,219,Isaacs,33982,Melbourne (Isaacs),G,21711,2,"WESTGARTH, Rick",Australian Democrats,0
VIC,219,Isaacs,33982,Melbourne (Isaacs),H,22125,0,H Ticket Votes,Shooters and Fishers,1
VIC,219,Isaacs,33982,Melbourne (Isaacs),H,21443,1,"KELLY, Peter Maxwell",Shooters and Fishers,0
VIC,219,Isaacs,33982,Melbourne (Isaacs),H,21445,2,"KRSTIC, Alex",Shooters and Fishers,0
VIC,219,Isaacs,33982,Melbourne (Isaacs),I,22117,0,I Ticket Votes,Australian Sex Party,4
VIC,219,Isaacs,33982,Melbourne (Isaacs),I,20835,1,"PATTEN, Fiona",Australian Sex Party,0
VIC,219,Isaacs,33982,Melbourne (Isaacs),I,20836,2,"WILSON, Emma",Australian Sex Party,0
VIC,219,Isaacs,33982,Melbourne (Isaacs),I,20837,3,"BLAKEY, Katie",Australian Sex Party,0
VIC,219,Isaacs,33982,Melbourne (Isaacs),J,22130,0,J Ticket Votes,The Climate Sceptics,0
VIC,219,Isaacs,33982,Melbourne (Isaacs),J,21869,1,"DAWSON, Chris",The Climate Sceptics,0
VIC,219,Isaacs,33982,Melbourne (Isaacs),J,21872,2,"HOLMES, Lee",The Climate Sceptics,0
VIC,219,Isaacs,33982,Melbourne (Isaacs),K,22121,0,K Ticket Votes,Socialist Alliance,0
VIC,219,Isaacs,33982,Melbourne (Isaacs),K,21108,1,"WINDISCH, Margarita",Socialist Alliance,0
VIC,219,Isaacs,33982,Melbourne (Isaacs),K,21114,2,"FIREBRACE, Sharon",Socialist Alliance,0
VIC,219,Isaacs,33982,Melbourne (Isaacs),K,21116,3,"GUY, Ron",Socialist Alliance,0
VIC,219,Isaacs,33982,Melbourne (Isaacs),L,22116,0,L Ticket Votes,Citizens Electoral Council,0
VIC,219,Isaacs,33982,Melbourne (Isaacs),L,20771,1,"MITCHELL, Doug",Citizens Electoral Council,0
VIC,219,Isaacs,33982,Melbourne (Isaacs),L,20775,2,"ISHERWOOD, Katherine",Citizens Electoral Council,0
VIC,219,Isaacs,33982,Melbourne (Isaacs),M,22135,0,M Ticket Votes,Building Australia,0
VIC,219,Isaacs,33982,Melbourne (Isaacs),M,21982,1,"EVANS, Darren",Building Australia,0
VIC,219,Isaacs,33982,Melbourne (Isaacs),M,21983,2,"WHITE, Sam",Building Australia,0
VIC,219,Isaacs,33982,Melbourne (Isaacs),N,22127,0,N Ticket Votes,One Nation,0
VIC,219,Isaacs,33982,Melbourne (Isaacs),N,21700,1,"TOWNSEND, Rosalyn",One Nation,0
VIC,219,Isaacs,33982,Melbourne (Isaacs),N,21704,2,"TOWNSEND, Phillip",One Nation,0
VIC,219,Isaacs,33982,Melbourne (Isaacs),O,22118,0,O Ticket Votes,Liberal/The Nationals,22
VIC,219,Isaacs,33982,Melbourne (Isaacs),O,21950,1,"RONALDSON, Michael",Liberal,0
VIC,219,Isaacs,33982,Melbourne (Isaacs),O,21952,2,"McKENZIE, Bridget",The Nationals,0
VIC,219,Isaacs,33982,Melbourne (Isaacs),O,21954,3,"McGAURAN, Julian",Liberal,0
VIC,219,Isaacs,33982,Melbourne (Isaacs),O,21956,4,"JENNISON, Susan",Liberal,0
VIC,219,Isaacs,33982,Melbourne (Isaacs),P,22132,0,P Ticket Votes,Christian Democratic Party,0
VIC,219,Isaacs,33982,Melbourne (Isaacs),P,21894,1,"JANSON, Vickie",Christian Democratic Party,0
VIC,219,Isaacs,33982,Melbourne (Isaacs),P,21911,2,"EDDY-VEITZ, BEN",Christian Democratic Party,0
VIC,219,Isaacs,33982,Melbourne (Isaacs),Q,22124,0,Q Ticket Votes,Australian Labor Party,26
VIC,219,Isaacs,33982,Melbourne (Isaacs),Q,21330,1,"CARR, Kim John",Australian Labor Party,0
VIC,219,Isaacs,33982,Melbourne (Isaacs),Q,21337,2,"CONROY, Stephen Michael",Australian Labor Party,0
VIC,219,Isaacs,33982,Melbourne (Isaacs),Q,21344,3,"THOW, Antony",Australian Labor Party,0
VIC,219,Isaacs,33982,Melbourne (Isaacs),Q,21347,4,"LEWIS, Marg",Australian Labor Party,0
VIC,219,Isaacs,33982,Melbourne (Isaacs),Q,21358,5,"FREEMAN, Shelly",Australian Labor Party,0
VIC,219,Isaacs,33982,Melbourne (Isaacs),R,22120,0,R Ticket Votes,Secular Party of Australia,0
VIC,219,Isaacs,33982,Melbourne (Isaacs),R,20874,1,"PERKINS, John Leslie",Secular Party of Australia,0
VIC,219,Isaacs,33982,Melbourne (Isaacs),R,20877,2,"SCEATS, Rosemary Elizabeth",Secular Party of Australia,0
VIC,219,Isaacs,33982,Melbourne (Isaacs),S,22134,0,S Ticket Votes,Carers Alliance,0
VIC,219,Isaacs,33982,Melbourne (Isaacs),S,21941,1,"MONTEAGLE, Christopher",Carers Alliance,0
VIC,219,Isaacs,33982,Melbourne (Isaacs),S,21942,2,"PEACOCK, Wendy",Carers Alliance,0
VIC,219,Isaacs,33982,Melbourne (Isaacs),T,22122,0,T Ticket Votes,Liberal Democrats (LDP),2
VIC,219,Isaacs,33982,Melbourne (Isaacs),T,21251,1,"CURRIE, Ross",Liberal Democrats (LDP),0
VIC,219,Isaacs,33982,Melbourne (Isaacs),T,21310,2,"KLASS, Graeme Michael",Liberal Democrats (LDP),0
VIC,219,Isaacs,33982,Melbourne (Isaacs),U,22133,0,U Ticket Votes,,0
VIC,219,Isaacs,33982,Melbourne (Isaacs),U,21913,1,"MAYNE, Stephen",,0
VIC,219,Isaacs,33982,Melbourne (Isaacs),U,21914,2,"PICCININI, Paula",,0
VIC,219,Isaacs,33982,Melbourne (Isaacs),UG,20887,1,"BEALE, Grant",Independent,0
VIC,219,Isaacs,33982,Melbourne (Isaacs),UG,21428,2,"SHEA, Glenn",Independent,0
VIC,219,Isaacs,33982,Melbourne (Isaacs),ZZ,0,99,INFORMAL,,5
VIC,219,Isaacs,36375,Willow Lodge,A,22119,0,A Ticket Votes,Socialist Equality Party,1
VIC,219,Isaacs,36375,Willow Lodge,A,20946,1,"O'CONNOR, Patrick",Socialist Equality Party,0
VIC,219,Isaacs,36375,Willow Lodge,A,20951,2,"VONGVIXAY, Keo",Socialist Equality Party,0
VIC,219,Isaacs,36375,Willow Lodge,B,22126,0,B Ticket Votes,,1
VIC,219,Isaacs,36375,Willow Lodge,B,21509,1,"TOSCANO, Joseph",,0
VIC,219,Isaacs,36375,Willow Lodge,B,21512,2,"WARFE, Jenny",,0
VIC,219,Isaacs,36375,Willow Lodge,B,21514,3,"SADAUSKAS, Andrew",,0
VIC,219,Isaacs,36375,Willow Lodge,C,22129,0,C Ticket Votes,Family First,8
VIC,219,Isaacs,36375,Willow Lodge,C,21716,1,"FIELDING, Steven",Family First,0
VIC,219,Isaacs,36375,Willow Lodge,C,21728,2,"PLUMRIDGE, Gary",Family First,0
VIC,219,Isaacs,36375,Willow Lodge,C,21732,3,"BOWN SEELEY, Ann Edith",Family First,0
VIC,219,Isaacs,36375,Willow Lodge,C,21735,4,"GOH, Yuli",Family First,0
VIC,219,Isaacs,36375,Willow Lodge,C,21737,5,"KHOO, Joyce",Family First,0
VIC,219,Isaacs,36375,Willow Lodge,D,22131,0,D Ticket Votes,Australian Greens,21
VIC,219,Isaacs,36375,Willow Lodge,D,21875,1,"DI NATALE, Richard",Australian Greens,0
VIC,219,Isaacs,36375,Willow Lodge,D,21877,2,"RICE, Janet",Australian Greens,0
VIC,219,Isaacs,36375,Willow Lodge,D,21878,3,"BUI, Nam",Australian Greens,0
VIC,219,Isaacs,36375,Willow Lodge,D,21883,4,"HARGRAVE, Jen",Australian Greens,0
VIC,219,Isaacs,36375,Willow Lodge,D,21885,5,"RIVENDELL, Julie",Australian Greens,0
VIC,219,Isaacs,36375,Willow Lodge,D,21887,6,"SHNOOKAL, Liezl",Australian Greens,0
VIC,219,Isaacs,36375,Willow Lodge,E,22123,0,E Ticket Votes,Senator On-Line,1
VIC,219,Isaacs,36375,Willow Lodge,E,21434,1,"SARGENT, Glenn R",Senator On-Line,0
VIC,219,Isaacs,36375,Willow Lodge,E,21437,2,"WARDLE, Emma Louise",Senator On-Line,0
VIC,219,Isaacs,36375,Willow Lodge,F,22136,0,F Ticket Votes,Democratic Labor Party (DLP) of Australia,11
VIC,219,Isaacs,36375,Willow Lodge,F,21985,1,"MADIGAN, John",Democratic Labor Party (DLP) of Australia,0
VIC,219,Isaacs,36375,Willow Lodge,F,21987,2,"GONSALVEZ, Geraldine",Democratic Labor Party (DLP) of Australia,0
VIC,219,Isaacs,36375,Willow Lodge,F,21989,3,"KAVANAGH, John",Democratic Labor Party (DLP) of Australia,0
VIC,219,Isaacs,36375,Willow Lodge,G,22128,0,G Ticket Votes,Australian Democrats,1
VIC,219,Isaacs,36375,Willow Lodge,G,21708,1,"HOWE, Roger",Australian Democrats,0
VIC,219,Isaacs,36375,Willow Lodge,G,21711,2,"WESTGARTH, Rick",Australian Democrats,0
VIC,219,Isaacs,36375,Willow Lodge,H,22125,0,H Ticket Votes,Shooters and Fishers,2
VIC,219,Isaacs,36375,Willow Lodge,H,21443,1,"KELLY, Peter Maxwell",Shooters and Fishers,0
VIC,219,Isaacs,36375,Willow Lodge,H,21445,2,"KRSTIC, Alex",Shooters and Fishers,0
VIC,219,Isaacs,36375,Willow Lodge,I,22117,0,I Ticket Votes,Australian Sex Party,5
VIC,219,Isaacs,36375,Willow Lodge,I,20835,1,"PATTEN, Fiona",Australian Sex Party,0
VIC,219,Isaacs,36375,Willow Lodge,I,20836,2,"WILSON, Emma",Australian Sex Party,0
VIC,219,Isaacs,36375,Willow Lodge,I,20837,3,"BLAKEY, Katie",Australian Sex Party,0
VIC,219,Isaacs,36375,Willow Lodge,J,22130,0,J Ticket Votes,The Climate Sceptics,0
VIC,219,Isaacs,36375,Willow Lodge,J,21869,1,"DAWSON, Chris",The Climate Sceptics,0
VIC,219,Isaacs,36375,Willow Lodge,J,21872,2,"HOLMES, Lee",The Climate Sceptics,0
VIC,219,Isaacs,36375,Willow Lodge,K,22121,0,K Ticket Votes,Socialist Alliance,1
VIC,219,Isaacs,36375,Willow Lodge,K,21108,1,"WINDISCH, Margarita",Socialist Alliance,0
VIC,219,Isaacs,36375,Willow Lodge,K,21114,2,"FIREBRACE, Sharon",Socialist Alliance,0
VIC,219,Isaacs,36375,Willow Lodge,K,21116,3,"GUY, Ron",Socialist Alliance,0
VIC,219,Isaacs,36375,Willow Lodge,L,22116,0,L Ticket Votes,Citizens Electoral Council,1
VIC,219,Isaacs,36375,Willow Lodge,L,20771,1,"MITCHELL, Doug",Citizens Electoral Council,0
VIC,219,Isaacs,36375,Willow Lodge,L,20775,2,"ISHERWOOD, Katherine",Citizens Electoral Council,0
VIC,219,Isaacs,36375,Willow Lodge,M,22135,0,M Ticket Votes,Building Australia,0
VIC,219,Isaacs,36375,Willow Lodge,M,21982,1,"EVANS, Darren",Building Australia,0
VIC,219,Isaacs,36375,Willow Lodge,M,21983,2,"WHITE, Sam",Building Australia,0
VIC,219,Isaacs,36375,Willow Lodge,N,22127,0,N Ticket Votes,One Nation,1
VIC,219,Isaacs,36375,Willow Lodge,N,21700,1,"TOWNSEND, Rosalyn",One Nation,0
VIC,219,Isaacs,36375,Willow Lodge,N,21704,2,"TOWNSEND, Phillip",One Nation,0
VIC,219,Isaacs,36375,Willow Lodge,O,22118,0,O Ticket Votes,Liberal/The Nationals,98
VIC,219,Isaacs,36375,Willow Lodge,O,21950,1,"RONALDSON, Michael",Liberal,1
VIC,219,Isaacs,36375,Willow Lodge,O,21952,2,"McKENZIE, Bridget",The Nationals,0
VIC,219,Isaacs,36375,Willow Lodge,O,21954,3,"McGAURAN, Julian",Liberal,0
VIC,219,Isaacs,36375,Willow Lodge,O,21956,4,"JENNISON, Susan",Liberal,0
VIC,219,Isaacs,36375,Willow Lodge,P,22132,0,P Ticket Votes,Christian Democratic Party,0
VIC,219,Isaacs,36375,Willow Lodge,P,21894,1,"JANSON, Vickie",Christian Democratic Party,0
VIC,219,Isaacs,36375,Willow Lodge,P,21911,2,"EDDY-VEITZ, BEN",Christian Democratic Party,0
VIC,219,Isaacs,36375,Willow Lodge,Q,22124,0,Q Ticket Votes,Australian Labor Party,180
VIC,219,Isaacs,36375,Willow Lodge,Q,21330,1,"CARR, Kim John",Australian Labor Party,0
VIC,219,Isaacs,36375,Willow Lodge,Q,21337,2,"CONROY, Stephen Michael",Australian Labor Party,0
VIC,219,Isaacs,36375,Willow Lodge,Q,21344,3,"THOW, Antony",Australian Labor Party,0
VIC,219,Isaacs,36375,Willow Lodge,Q,21347,4,"LEWIS, Marg",Australian Labor Party,0
VIC,219,Isaacs,36375,Willow Lodge,Q,21358,5,"FREEMAN, Shelly",Australian Labor Party,0
VIC,219,Isaacs,36375,Willow Lodge,R,22120,0,R Ticket Votes,Secular Party of Australia,1
VIC,219,Isaacs,36375,Willow Lodge,R,20874,1,"PERKINS, John Leslie",Secular Party of Australia,0
VIC,219,Isaacs,36375,Willow Lodge,R,20877,2,"SCEATS, Rosemary Elizabeth",Secular Party of Australia,0
VIC,219,Isaacs,36375,Willow Lodge,S,22134,0,S Ticket Votes,Carers Alliance,0
VIC,219,Isaacs,36375,Willow Lodge,S,21941,1,"MONTEAGLE, Christopher",Carers Alliance,0
VIC,219,Isaacs,36375,Willow Lodge,S,21942,2,"PEACOCK, Wendy",Carers Alliance,0
VIC,219,Isaacs,36375,Willow Lodge,T,22122,0,T Ticket Votes,Liberal Democrats (LDP),4
VIC,219,Isaacs,36375,Willow Lodge,T,21251,1,"CURRIE, Ross",Liberal Democrats (LDP),0
VIC,219,Isaacs,36375,Willow Lodge,T,21310,2,"KLASS, Graeme Michael",Liberal Democrats (LDP),0
VIC,219,Isaacs,36375,Willow Lodge,U,22133,0,U Ticket Votes,,0
VIC,219,Isaacs,36375,Willow Lodge,U,21913,1,"MAYNE, Stephen",,0
VIC,219,Isaacs,36375,Willow Lodge,U,21914,2,"PICCININI, Paula",,0
VIC,219,Isaacs,36375,Willow Lodge,UG,20887,1,"BEALE, Grant",Independent,1
VIC,219,Isaacs,36375,Willow Lodge,UG,21428,2,"SHEA, Glenn",Independent,0
VIC,219,Isaacs,36375,Willow Lodge,ZZ,0,99,INFORMAL,,34
VIC,219,Isaacs,38299,Kingston PPVC,A,22119,0,A Ticket Votes,Socialist Equality Party,0
VIC,219,Isaacs,38299,Kingston PPVC,A,20946,1,"O'CONNOR, Patrick",Socialist Equality Party,0
VIC,219,Isaacs,38299,Kingston PPVC,A,20951,2,"VONGVIXAY, Keo",Socialist Equality Party,0
VIC,219,Isaacs,38299,Kingston PPVC,B,22126,0,B Ticket Votes,,1
VIC,219,Isaacs,38299,Kingston PPVC,B,21509,1,"TOSCANO, Joseph",,0
VIC,219,Isaacs,38299,Kingston PPVC,B,21512,2,"WARFE, Jenny",,1
VIC,219,Isaacs,38299,Kingston PPVC,B,21514,3,"SADAUSKAS, Andrew",,0
VIC,219,Isaacs,38299,Kingston PPVC,C,22129,0,C Ticket Votes,Family First,35
VIC,219,Isaacs,38299,Kingston PPVC,C,21716,1,"FIELDING, Steven",Family First,3
VIC,219,Isaacs,38299,Kingston PPVC,C,21728,2,"PLUMRIDGE, Gary",Family First,0
VIC,219,Isaacs,38299,Kingston PPVC,C,21732,3,"BOWN SEELEY, Ann Edith",Family First,0
VIC,219,Isaacs,38299,Kingston PPVC,C,21735,4,"GOH, Yuli",Family First,0
VIC,219,Isaacs,38299,Kingston PPVC,C,21737,5,"KHOO, Joyce",Family First,0
VIC,219,Isaacs,38299,Kingston PPVC,D,22131,0,D Ticket Votes,Australian Greens,249
VIC,219,Isaacs,38299,Kingston PPVC,D,21875,1,"DI NATALE, Richard",Australian Greens,12
VIC,219,Isaacs,38299,Kingston PPVC,D,21877,2,"RICE, Janet",Australian Greens,3
VIC,219,Isaacs,38299,Kingston PPVC,D,21878,3,"BUI, Nam",Australian Greens,2
VIC,219,Isaacs,38299,Kingston PPVC,D,21883,4,"HARGRAVE, Jen",Australian Greens,0
VIC,219,Isaacs,38299,Kingston PPVC,D,21885,5,"RIVENDELL, Julie",Australian Greens,1
VIC,219,Isaacs,38299,Kingston PPVC,D,21887,6,"SHNOOKAL, Liezl",Australian Greens,0
VIC,219,Isaacs,38299,Kingston PPVC,E,22123,0,E Ticket Votes,Senator On-Line,0
VIC,219,Isaacs,38299,Kingston PPVC,E,21434,1,"SARGENT, Glenn R",Senator On-Line,0
VIC,219,Isaacs,38299,Kingston PPVC,E,21437,2,"WARDLE, Emma Louise",Senator On-Line,0
VIC,219,Isaacs,38299,Kingston PPVC,F,22136,0,F Ticket Votes,Democratic Labor Party (DLP) of Australia,32
VIC,219,Isaacs,38299,Kingston PPVC,F,21985,1,"MADIGAN, John",Democratic Labor Party (DLP) of Australia,1
VIC,219,Isaacs,38299,Kingston PPVC,F,21987,2,"GONSALVEZ, Geraldine",Democratic Labor Party (DLP) of Australia,0
VIC,219,Isaacs,38299,Kingston PPVC,F,21989,3,"KAVANAGH, John",Democratic Labor Party (DLP) of Australia,0
VIC,219,Isaacs,38299,Kingston PPVC,G,22128,0,G Ticket Votes,Australian Democrats,8
VIC,219,Isaacs,38299,Kingston PPVC,G,21708,1,"HOWE, Roger",Australian Democrats,1
VIC,219,Isaacs,38299,Kingston PPVC,G,21711,2,"WESTGARTH, Rick",Australian Democrats,0
VIC,219,Isaacs,38299,Kingston PPVC,H,22125,0,H Ticket Votes,Shooters and Fishers,9
VIC,219,Isaacs,38299,Kingston PPVC,H,21443,1,"KELLY, Peter Maxwell",Shooters and Fishers,0
VIC,219,Isaacs,38299,Kingston PPVC,H,21445,2,"KRSTIC, Alex",Shooters and Fishers,0
VIC,219,Isaacs,38299,Kingston PPVC,I,22117,0,I Ticket Votes,Australian Sex Party,31
VIC,219,Isaacs,38299,Kingston PPVC,I,20835,1,"PATTEN, Fiona",Australian Sex Party,1
VIC,219,Isaacs,38299,Kingston PPVC,I,20836,2,"WILSON, Emma",Australian Sex Party,0
VIC,219,Isaacs,38299,Kingston PPVC,I,20837,3,"BLAKEY, Katie",Australian Sex Party,0
VIC,219,Isaacs,38299,Kingston PPVC,J,22130,0,J Ticket Votes,The Climate Sceptics,1
VIC,219,Isaacs,38299,Kingston PPVC,J,21869,1,"DAWSON, Chris",The Climate Sceptics,1
VIC,219,Isaacs,38299,Kingston PPVC,J,21872,2,"HOLMES, Lee",The Climate Sceptics,1
VIC,219,Isaacs,38299,Kingston PPVC,K,22121,0,K Ticket Votes,Socialist Alliance,2
VIC,219,Isaacs,38299,Kingston PPVC,K,21108,1,"WINDISCH, Margarita",Socialist Alliance,0
VIC,219,Isaacs,38299,Kingston PPVC,K,21114,2,"FIREBRACE, Sharon",Socialist Alliance,0
VIC,219,Isaacs,38299,Kingston PPVC,K,21116,3,"GUY, Ron",Socialist Alliance,0
VIC,219,Isaacs,38299,Kingston PPVC,L,22116,0,L Ticket Votes,Citizens Electoral Council,0
VIC,219,Isaacs,38299,Kingston PPVC,L,20771,1,"MITCHELL, Doug",Citizens Electoral Council,0
VIC,219,Isaacs,38299,Kingston PPVC,L,20775,2,"ISHERWOOD, Katherine",Citizens Electoral Council,0
VIC,219,Isaacs,38299,Kingston PPVC,M,22135,0,M Ticket Votes,Building Australia,1
VIC,219,Isaacs,38299,Kingston PPVC,M,21982,1,"EVANS, Darren",Building Australia,0
VIC,219,Isaacs,38299,Kingston PPVC,M,21983,2,"WHITE, Sam",Building Australia,0
VIC,219,Isaacs,38299,Kingston PPVC,N,22127,0,N Ticket Votes,One Nation,6
VIC,219,Isaacs,38299,Kingston PPVC,N,21700,1,"TOWNSEND, Rosalyn",One Nation,0
VIC,219,Isaacs,38299,Kingston PPVC,N,21704,2,"TOWNSEND, Phillip",One Nation,0
VIC,219,Isaacs,38299,Kingston PPVC,O,22118,0,O Ticket Votes,Liberal/The Nationals,731
VIC,219,Isaacs,38299,Kingston PPVC,O,21950,1,"RONALDSON, Michael",Liberal,5
VIC,219,Isaacs,38299,Kingston PPVC,O,21952,2,"McKENZIE, Bridget",The Nationals,0
VIC,219,Isaacs,38299,Kingston PPVC,O,21954,3,"McGAURAN, Julian",Liberal,0
VIC,219,Isaacs,38299,Kingston PPVC,O,21956,4,"JENNISON, Susan",Liberal,0
VIC,219,Isaacs,38299,Kingston PPVC,P,22132,0,P Ticket Votes,Christian Democratic Party,6
VIC,219,Isaacs,38299,Kingston PPVC,P,21894,1,"JANSON, Vickie",Christian Democratic Party,3
VIC,219,Isaacs,38299,Kingston PPVC,P,21911,2,"EDDY-VEITZ, BEN",Christian Democratic Party,0
VIC,219,Isaacs,38299,Kingston PPVC,Q,22124,0,Q Ticket Votes,Australian Labor Party,627
VIC,219,Isaacs,38299,Kingston PPVC,Q,21330,1,"CARR, Kim John",Australian Labor Party,3
VIC,219,Isaacs,38299,Kingston PPVC,Q,21337,2,"CONROY, Stephen Michael",Australian Labor Party,0
VIC,219,Isaacs,38299,Kingston PPVC,Q,21344,3,"THOW, Antony",Australian Labor Party,0
VIC,219,Isaacs,38299,Kingston PPVC,Q,21347,4,"LEWIS, Marg",Australian Labor Party,0
VIC,219,Isaacs,38299,Kingston PPVC,Q,21358,5,"FREEMAN, Shelly",Australian Labor Party,1
VIC,219,Isaacs,38299,Kingston PPVC,R,22120,0,R Ticket Votes,Secular Party of Australia,0
VIC,219,Isaacs,38299,Kingston PPVC,R,20874,1,"PERKINS, John Leslie",Secular Party of Australia,0
VIC,219,Isaacs,38299,Kingston PPVC,R,20877,2,"SCEATS, Rosemary Elizabeth",Secular Party of Australia,1
VIC,219,Isaacs,38299,Kingston PPVC,S,22134,0,S Ticket Votes,Carers Alliance,2
VIC,219,Isaacs,38299,Kingston PPVC,S,21941,1,"MONTEAGLE, Christopher",Carers Alliance,0
VIC,219,Isaacs,38299,Kingston PPVC,S,21942,2,"PEACOCK, Wendy",Carers Alliance,0
VIC,219,Isaacs,38299,Kingston PPVC,T,22122,0,T Ticket Votes,Liberal Democrats (LDP),28
VIC,219,Isaacs,38299,Kingston PPVC,T,21251,1,"CURRIE, Ross",Liberal Democrats (LDP),0
VIC,219,Isaacs,38299,Kingston PPVC,T,21310,2,"KLASS, Graeme Michael",Liberal Democrats (LDP),0
VIC,219,Isaacs,38299,Kingston PPVC,U,22133,0,U Ticket Votes,,1
VIC,219,Isaacs,38299,Kingston PPVC,U,21913,1,"MAYNE, Stephen",,4
VIC,219,Isaacs,38299,Kingston PPVC,U,21914,2,"PICCININI, Paula",,0
VIC,219,Isaacs,38299,Kingston PPVC,UG,20887,1,"BEALE, Grant",Independent,0
VIC,219,Isaacs,38299,Kingston PPVC,UG,21428,2,"SHEA, Glenn",Independent,0
VIC,219,Isaacs,38299,Kingston PPVC,ZZ,0,99,INFORMAL,,35
VIC,219,Isaacs,38329,Special Hospital Team 3,A,22119,0,A Ticket Votes,Socialist Equality Party,1
VIC,219,Isaacs,38329,Special Hospital Team 3,A,20946,1,"O'CONNOR, Patrick",Socialist Equality Party,0
VIC,219,Isaacs,38329,Special Hospital Team 3,A,20951,2,"VONGVIXAY, Keo",Socialist Equality Party,0
VIC,219,Isaacs,38329,Special Hospital Team 3,B,22126,0,B Ticket Votes,,0
VIC,219,Isaacs,38329,Special Hospital Team 3,B,21509,1,"TOSCANO, Joseph",,0
VIC,219,Isaacs,38329,Special Hospital Team 3,B,21512,2,"WARFE, Jenny",,0
VIC,219,Isaacs,38329,Special Hospital Team 3,B,21514,3,"SADAUSKAS, Andrew",,0
VIC,219,Isaacs,38329,Special Hospital Team 3,C,22129,0,C Ticket Votes,Family First,7
VIC,219,Isaacs,38329,Special Hospital Team 3,C,21716,1,"FIELDING, Steven",Family First,0
VIC,219,Isaacs,38329,Special Hospital Team 3,C,21728,2,"PLUMRIDGE, Gary",Family First,0
VIC,219,Isaacs,38329,Special Hospital Team 3,C,21732,3,"BOWN SEELEY, Ann Edith",Family First,0
VIC,219,Isaacs,38329,Special Hospital Team 3,C,21735,4,"GOH, Yuli",Family First,0
VIC,219,Isaacs,38329,Special Hospital Team 3,C,21737,5,"KHOO, Joyce",Family First,0
VIC,219,Isaacs,38329,Special Hospital Team 3,D,22131,0,D Ticket Votes,Australian Greens,6
VIC,219,Isaacs,38329,Special Hospital Team 3,D,21875,1,"DI NATALE, Richard",Australian Greens,0
VIC,219,Isaacs,38329,Special Hospital Team 3,D,21877,2,"RICE, Janet",Australian Greens,0
VIC,219,Isaacs,38329,Special Hospital Team 3,D,21878,3,"BUI, Nam",Australian Greens,0
VIC,219,Isaacs,38329,Special Hospital Team 3,D,21883,4,"HARGRAVE, Jen",Australian Greens,0
VIC,219,Isaacs,38329,Special Hospital Team 3,D,21885,5,"RIVENDELL, Julie",Australian Greens,0
VIC,219,Isaacs,38329,Special Hospital Team 3,D,21887,6,"SHNOOKAL, Liezl",Australian Greens,0
VIC,219,Isaacs,38329,Special Hospital Team 3,E,22123,0,E Ticket Votes,Senator On-Line,1
VIC,219,Isaacs,38329,Special Hospital Team 3,E,21434,1,"SARGENT, Glenn R",Senator On-Line,0
VIC,219,Isaacs,38329,Special Hospital Team 3,E,21437,2,"WARDLE, Emma Louise",Senator On-Line,0
VIC,219,Isaacs,38329,Special Hospital Team 3,F,22136,0,F Ticket Votes,Democratic Labor Party (DLP) of Australia,7
VIC,219,Isaacs,38329,Special Hospital Team 3,F,21985,1,"MADIGAN, John",Democratic Labor Party (DLP) of Australia,0
VIC,219,Isaacs,38329,Special Hospital Team 3,F,21987,2,"GONSALVEZ, Geraldine",Democratic Labor Party (DLP) of Australia,0
VIC,219,Isaacs,38329,Special Hospital Team 3,F,21989,3,"KAVANAGH, John",Democratic Labor Party (DLP) of Australia,0
VIC,219,Isaacs,38329,Special Hospital Team 3,G,22128,0,G Ticket Votes,Australian Democrats,1
VIC,219,Isaacs,38329,Special Hospital Team 3,G,21708,1,"HOWE, Roger",Australian Democrats,0
VIC,219,Isaacs,38329,Special Hospital Team 3,G,21711,2,"WESTGARTH, Rick",Australian Democrats,0
VIC,219,Isaacs,38329,Special Hospital Team 3,H,22125,0,H Ticket Votes,Shooters and Fishers,0
VIC,219,Isaacs,38329,Special Hospital Team 3,H,21443,1,"KELLY, Peter Maxwell",Shooters and Fishers,0
VIC,219,Isaacs,38329,Special Hospital Team 3,H,21445,2,"KRSTIC, Alex",Shooters and Fishers,0
VIC,219,Isaacs,38329,Special Hospital Team 3,I,22117,0,I Ticket Votes,Australian Sex Party,0
VIC,219,Isaacs,38329,Special Hospital Team 3,I,20835,1,"PATTEN, Fiona",Australian Sex Party,0
VIC,219,Isaacs,38329,Special Hospital Team 3,I,20836,2,"WILSON, Emma",Australian Sex Party,0
VIC,219,Isaacs,38329,Special Hospital Team 3,I,20837,3,"BLAKEY, Katie",Australian Sex Party,0
VIC,219,Isaacs,38329,Special Hospital Team 3,J,22130,0,J Ticket Votes,The Climate Sceptics,2
VIC,219,Isaacs,38329,Special Hospital Team 3,J,21869,1,"DAWSON, Chris",The Climate Sceptics,0
VIC,219,Isaacs,38329,Special Hospital Team 3,J,21872,2,"HOLMES, Lee",The Climate Sceptics,0
VIC,219,Isaacs,38329,Special Hospital Team 3,K,22121,0,K Ticket Votes,Socialist Alliance,1
VIC,219,Isaacs,38329,Special Hospital Team 3,K,21108,1,"WINDISCH, Margarita",Socialist Alliance,0
VIC,219,Isaacs,38329,Special Hospital Team 3,K,21114,2,"FIREBRACE, Sharon",Socialist Alliance,0
VIC,219,Isaacs,38329,Special Hospital Team 3,K,21116,3,"GUY, Ron",Socialist Alliance,0
VIC,219,Isaacs,38329,Special Hospital Team 3,L,22116,0,L Ticket Votes,Citizens Electoral Council,0
VIC,219,Isaacs,38329,Special Hospital Team 3,L,20771,1,"MITCHELL, Doug",Citizens Electoral Council,0
VIC,219,Isaacs,38329,Special Hospital Team 3,L,20775,2,"ISHERWOOD, Katherine",Citizens Electoral Council,0
VIC,219,Isaacs,38329,Special Hospital Team 3,M,22135,0,M Ticket Votes,Building Australia,0
VIC,219,Isaacs,38329,Special Hospital Team 3,M,21982,1,"EVANS, Darren",Building Australia,0
VIC,219,Isaacs,38329,Special Hospital Team 3,M,21983,2,"WHITE, Sam",Building Australia,0
VIC,219,Isaacs,38329,Special Hospital Team 3,N,22127,0,N Ticket Votes,One Nation,1
VIC,219,Isaacs,38329,Special Hospital Team 3,N,21700,1,"TOWNSEND, Rosalyn",One Nation,0
VIC,219,Isaacs,38329,Special Hospital Team 3,N,21704,2,"TOWNSEND, Phillip",One Nation,0
VIC,219,Isaacs,38329,Special Hospital Team 3,O,22118,0,O Ticket Votes,Liberal/The Nationals,95
VIC,219,Isaacs,38329,Special Hospital Team 3,O,21950,1,"RONALDSON, Michael",Liberal,0
VIC,219,Isaacs,38329,Special Hospital Team 3,O,21952,2,"McKENZIE, Bridget",The Nationals,0
VIC,219,Isaacs,38329,Special Hospital Team 3,O,21954,3,"McGAURAN, Julian",Liberal,0
VIC,219,Isaacs,38329,Special Hospital Team 3,O,21956,4,"JENNISON, Susan",Liberal,0
VIC,219,Isaacs,38329,Special Hospital Team 3,P,22132,0,P Ticket Votes,Christian Democratic Party,1
VIC,219,Isaacs,38329,Special Hospital Team 3,P,21894,1,"JANSON, Vickie",Christian Democratic Party,0
VIC,219,Isaacs,38329,Special Hospital Team 3,P,21911,2,"EDDY-VEITZ, BEN",Christian Democratic Party,0
VIC,219,Isaacs,38329,Special Hospital Team 3,Q,22124,0,Q Ticket Votes,Australian Labor Party,85
VIC,219,Isaacs,38329,Special Hospital Team 3,Q,21330,1,"CARR, Kim John",Australian Labor Party,1
VIC,219,Isaacs,38329,Special Hospital Team 3,Q,21337,2,"CONROY, Stephen Michael",Australian Labor Party,0
VIC,219,Isaacs,38329,Special Hospital Team 3,Q,21344,3,"THOW, Antony",Australian Labor Party,0
VIC,219,Isaacs,38329,Special Hospital Team 3,Q,21347,4,"LEWIS, Marg",Australian Labor Party,0
VIC,219,Isaacs,38329,Special Hospital Team 3,Q,21358,5,"FREEMAN, Shelly",Australian Labor Party,0
VIC,219,Isaacs,38329,Special Hospital Team 3,R,22120,0,R Ticket Votes,Secular Party of Australia,0
VIC,219,Isaacs,38329,Special Hospital Team 3,R,20874,1,"PERKINS, John Leslie",Secular Party of Australia,0
VIC,219,Isaacs,38329,Special Hospital Team 3,R,20877,2,"SCEATS, Rosemary Elizabeth",Secular Party of Australia,0
VIC,219,Isaacs,38329,Special Hospital Team 3,S,22134,0,S Ticket Votes,Carers Alliance,2
VIC,219,Isaacs,38329,Special Hospital Team 3,S,21941,1,"MONTEAGLE, Christopher",Carers Alliance,0
VIC,219,Isaacs,38329,Special Hospital Team 3,S,21942,2,"PEACOCK, Wendy",Carers Alliance,0
VIC,219,Isaacs,38329,Special Hospital Team 3,T,22122,0,T Ticket Votes,Liberal Democrats (LDP),6
VIC,219,Isaacs,38329,Special Hospital Team 3,T,21251,1,"CURRIE, Ross",Liberal Democrats (LDP),0
VIC,219,Isaacs,38329,Special Hospital Team 3,T,21310,2,"KLASS, Graeme Michael",Liberal Democrats (LDP),0
VIC,219,Isaacs,38329,Special Hospital Team 3,U,22133,0,U Ticket Votes,,0
VIC,219,Isaacs,38329,Special Hospital Team 3,U,21913,1,"MAYNE, Stephen",,1
VIC,219,Isaacs,38329,Special Hospital Team 3,U,21914,2,"PICCININI, Paula",,0
VIC,219,Isaacs,38329,Special Hospital Team 3,UG,20887,1,"BEALE, Grant",Independent,0
VIC,219,Isaacs,38329,Special Hospital Team 3,UG,21428,2,"SHEA, Glenn",Independent,0
VIC,219,Isaacs,38329,Special Hospital Team 3,ZZ,0,99,INFORMAL,,7
VIC,219,Isaacs,58536,Springvale South (Isaacs),A,22119,0,A Ticket Votes,Socialist Equality Party,4
VIC,219,Isaacs,58536,Springvale South (Isaacs),A,20946,1,"O'CONNOR, Patrick",Socialist Equality Party,0
VIC,219,Isaacs,58536,Springvale South (Isaacs),A,20951,2,"VONGVIXAY, Keo",Socialist Equality Party,0
VIC,219,Isaacs,58536,Springvale South (Isaacs),B,22126,0,B Ticket Votes,,1
VIC,219,Isaacs,58536,Springvale South (Isaacs),B,21509,1,"TOSCANO, Joseph",,0
VIC,219,Isaacs,58536,Springvale South (Isaacs),B,21512,2,"WARFE, Jenny",,0
VIC,219,Isaacs,58536,Springvale South (Isaacs),B,21514,3,"SADAUSKAS, Andrew",,0
VIC,219,Isaacs,58536,Springvale South (Isaacs),C,22129,0,C Ticket Votes,Family First,16
VIC,219,Isaacs,58536,Springvale South (Isaacs),C,21716,1,"FIELDING, Steven",Family First,0
VIC,219,Isaacs,58536,Springvale South (Isaacs),C,21728,2,"PLUMRIDGE, Gary",Family First,0
VIC,219,Isaacs,58536,Springvale South (Isaacs),C,21732,3,"BOWN SEELEY, Ann Edith",Family First,0
VIC,219,Isaacs,58536,Springvale South (Isaacs),C,21735,4,"GOH, Yuli",Family First,0
VIC,219,Isaacs,58536,Springvale South (Isaacs),C,21737,5,"KHOO, Joyce",Family First,0
VIC,219,Isaacs,58536,Springvale South (Isaacs),D,22131,0,D Ticket Votes,Australian Greens,41
VIC,219,Isaacs,58536,Springvale South (Isaacs),D,21875,1,"DI NATALE, Richard",Australian Greens,1
VIC,219,Isaacs,58536,Springvale South (Isaacs),D,21877,2,"RICE, Janet",Australian Greens,0
VIC,219,Isaacs,58536,Springvale South (Isaacs),D,21878,3,"BUI, Nam",Australian Greens,0
VIC,219,Isaacs,58536,Springvale South (Isaacs),D,21883,4,"HARGRAVE, Jen",Australian Greens,0
VIC,219,Isaacs,58536,Springvale South (Isaacs),D,21885,5,"RIVENDELL, Julie",Australian Greens,0
VIC,219,Isaacs,58536,Springvale South (Isaacs),D,21887,6,"SHNOOKAL, Liezl",Australian Greens,0
VIC,219,Isaacs,58536,Springvale South (Isaacs),E,22123,0,E Ticket Votes,Senator On-Line,2
VIC,219,Isaacs,58536,Springvale South (Isaacs),E,21434,1,"SARGENT, Glenn R",Senator On-Line,0
VIC,219,Isaacs,58536,Springvale South (Isaacs),E,21437,2,"WARDLE, Emma Louise",Senator On-Line,0
VIC,219,Isaacs,58536,Springvale South (Isaacs),F,22136,0,F Ticket Votes,Democratic Labor Party (DLP) of Australia,20
VIC,219,Isaacs,58536,Springvale South (Isaacs),F,21985,1,"MADIGAN, John",Democratic Labor Party (DLP) of Australia,0
VIC,219,Isaacs,58536,Springvale South (Isaacs),F,21987,2,"GONSALVEZ, Geraldine",Democratic Labor Party (DLP) of Australia,0
VIC,219,Isaacs,58536,Springvale South (Isaacs),F,21989,3,"KAVANAGH, John",Democratic Labor Party (DLP) of Australia,0
VIC,219,Isaacs,58536,Springvale South (Isaacs),G,22128,0,G Ticket Votes,Australian Democrats,1
VIC,219,Isaacs,58536,Springvale South (Isaacs),G,21708,1,"HOWE, Roger",Australian Democrats,0
VIC,219,Isaacs,58536,Springvale South (Isaacs),G,21711,2,"WESTGARTH, Rick",Australian Democrats,0
VIC,219,Isaacs,58536,Springvale South (Isaacs),H,22125,0,H Ticket Votes,Shooters and Fishers,0
VIC,219,Isaacs,58536,Springvale South (Isaacs),H,21443,1,"KELLY, Peter Maxwell",Shooters and Fishers,0
VIC,219,Isaacs,58536,Springvale South (Isaacs),H,21445,2,"KRSTIC, Alex",Shooters and Fishers,0
VIC,219,Isaacs,58536,Springvale South (Isaacs),I,22117,0,I Ticket Votes,Australian Sex Party,5
VIC,219,Isaacs,58536,Springvale South (Isaacs),I,20835,1,"PATTEN, Fiona",Australian Sex Party,1
VIC,219,Isaacs,58536,Springvale South (Isaacs),I,20836,2,"WILSON, Emma",Australian Sex Party,0
VIC,219,Isaacs,58536,Springvale South (Isaacs),I,20837,3,"BLAKEY, Katie",Australian Sex Party,0
VIC,219,Isaacs,58536,Springvale South (Isaacs),J,22130,0,J Ticket Votes,The Climate Sceptics,0
VIC,219,Isaacs,58536,Springvale South (Isaacs),J,21869,1,"DAWSON, Chris",The Climate Sceptics,0
VIC,219,Isaacs,58536,Springvale South (Isaacs),J,21872,2,"HOLMES, Lee",The Climate Sceptics,0
VIC,219,Isaacs,58536,Springvale South (Isaacs),K,22121,0,K Ticket Votes,Socialist Alliance,1
VIC,219,Isaacs,58536,Springvale South (Isaacs),K,21108,1,"WINDISCH, Margarita",Socialist Alliance,0
VIC,219,Isaacs,58536,Springvale South (Isaacs),K,21114,2,"FIREBRACE, Sharon",Socialist Alliance,0
VIC,219,Isaacs,58536,Springvale South (Isaacs),K,21116,3,"GUY, Ron",Socialist Alliance,0
VIC,219,Isaacs,58536,Springvale South (Isaacs),L,22116,0,L Ticket Votes,Citizens Electoral Council,1
VIC,219,Isaacs,58536,Springvale South (Isaacs),L,20771,1,"MITCHELL, Doug",Citizens Electoral Council,0
VIC,219,Isaacs,58536,Springvale South (Isaacs),L,20775,2,"ISHERWOOD, Katherine",Citizens Electoral Council,0
VIC,219,Isaacs,58536,Springvale South (Isaacs),M,22135,0,M Ticket Votes,Building Australia,0
VIC,219,Isaacs,58536,Springvale South (Isaacs),M,21982,1,"EVANS, Darren",Building Australia,1
VIC,219,Isaacs,58536,Springvale South (Isaacs),M,21983,2,"WHITE, Sam",Building Australia,0
VIC,219,Isaacs,58536,Springvale South (Isaacs),N,22127,0,N Ticket Votes,One Nation,1
VIC,219,Isaacs,58536,Springvale South (Isaacs),N,21700,1,"TOWNSEND, Rosalyn",One Nation,0
VIC,219,Isaacs,58536,Springvale South (Isaacs),N,21704,2,"TOWNSEND, Phillip",One Nation,0
VIC,219,Isaacs,58536,Springvale South (Isaacs),O,22118,0,O Ticket Votes,Liberal/The Nationals,69
VIC,219,Isaacs,58536,Springvale South (Isaacs),O,21950,1,"RONALDSON, Michael",Liberal,0
VIC,219,Isaacs,58536,Springvale South (Isaacs),O,21952,2,"McKENZIE, Bridget",The Nationals,0
VIC,219,Isaacs,58536,Springvale South (Isaacs),O,21954,3,"McGAURAN, Julian",Liberal,0
VIC,219,Isaacs,58536,Springvale South (Isaacs),O,21956,4,"JENNISON, Susan",Liberal,0
VIC,219,Isaacs,58536,Springvale South (Isaacs),P,22132,0,P Ticket Votes,Christian Democratic Party,0
VIC,219,Isaacs,58536,Springvale South (Isaacs),P,21894,1,"JANSON, Vickie",Christian Democratic Party,0
VIC,219,Isaacs,58536,Springvale South (Isaacs),P,21911,2,"EDDY-VEITZ, BEN",Christian Democratic Party,0
VIC,219,Isaacs,58536,Springvale South (Isaacs),Q,22124,0,Q Ticket Votes,Australian Labor Party,283
VIC,219,Isaacs,58536,Springvale South (Isaacs),Q,21330,1,"CARR, Kim John",Australian Labor Party,1
VIC,219,Isaacs,58536,Springvale South (Isaacs),Q,21337,2,"CONROY, Stephen Michael",Australian Labor Party,0
VIC,219,Isaacs,58536,Springvale South (Isaacs),Q,21344,3,"THOW, Antony",Australian Labor Party,0
VIC,219,Isaacs,58536,Springvale South (Isaacs),Q,21347,4,"LEWIS, Marg",Australian Labor Party,0
VIC,219,Isaacs,58536,Springvale South (Isaacs),Q,21358,5,"FREEMAN, Shelly",Australian Labor Party,0
VIC,219,Isaacs,58536,Springvale South (Isaacs),R,22120,0,R Ticket Votes,Secular Party of Australia,0
VIC,219,Isaacs,58536,Springvale South (Isaacs),R,20874,1,"PERKINS, John Leslie",Secular Party of Australia,0
VIC,219,Isaacs,58536,Springvale South (Isaacs),R,20877,2,"SCEATS, Rosemary Elizabeth",Secular Party of Australia,0
VIC,219,Isaacs,58536,Springvale South (Isaacs),S,22134,0,S Ticket Votes,Carers Alliance,0
VIC,219,Isaacs,58536,Springvale South (Isaacs),S,21941,1,"MONTEAGLE, Christopher",Carers Alliance,0
VIC,219,Isaacs,58536,Springvale South (Isaacs),S,21942,2,"PEACOCK, Wendy",Carers Alliance,0
VIC,219,Isaacs,58536,Springvale South (Isaacs),T,22122,0,T Ticket Votes,Liberal Democrats (LDP),10
VIC,219,Isaacs,58536,Springvale South (Isaacs),T,21251,1,"CURRIE, Ross",Liberal Democrats (LDP),0
VIC,219,Isaacs,58536,Springvale South (Isaacs),T,21310,2,"KLASS, Graeme Michael",Liberal Democrats (LDP),0
VIC,219,Isaacs,58536,Springvale South (Isaacs),U,22133,0,U Ticket Votes,,1
VIC,219,Isaacs,58536,Springvale South (Isaacs),U,21913,1,"MAYNE, Stephen",,0
VIC,219,Isaacs,58536,Springvale South (Isaacs),U,21914,2,"PICCININI, Paula",,0
VIC,219,Isaacs,58536,Springvale South (Isaacs),UG,20887,1,"BEALE, Grant",Independent,0
VIC,219,Isaacs,58536,Springvale South (Isaacs),UG,21428,2,"SHEA, Glenn",Independent,0
VIC,219,Isaacs,58536,Springvale South (Isaacs),ZZ,0,99,INFORMAL,,40
VIC,219,Isaacs,58802,Dandenong ISAACS PPVC,A,22119,0,A Ticket Votes,Socialist Equality Party,4
VIC,219,Isaacs,58802,Dandenong ISAACS PPVC,A,20946,1,"O'CONNOR, Patrick",Socialist Equality Party,0
VIC,219,Isaacs,58802,Dandenong ISAACS PPVC,A,20951,2,"VONGVIXAY, Keo",Socialist Equality Party,0
VIC,219,Isaacs,58802,Dandenong ISAACS PPVC,B,22126,0,B Ticket Votes,,2
VIC,219,Isaacs,58802,Dandenong ISAACS PPVC,B,21509,1,"TOSCANO, Joseph",,0
VIC,219,Isaacs,58802,Dandenong ISAACS PPVC,B,21512,2,"WARFE, Jenny",,0
VIC,219,Isaacs,58802,Dandenong ISAACS PPVC,B,21514,3,"SADAUSKAS, Andrew",,0
VIC,219,Isaacs,58802,Dandenong ISAACS PPVC,C,22129,0,C Ticket Votes,Family First,28
VIC,219,Isaacs,58802,Dandenong ISAACS PPVC,C,21716,1,"FIELDING, Steven",Family First,0
VIC,219,Isaacs,58802,Dandenong ISAACS PPVC,C,21728,2,"PLUMRIDGE, Gary",Family First,0
VIC,219,Isaacs,58802,Dandenong ISAACS PPVC,C,21732,3,"BOWN SEELEY, Ann Edith",Family First,0
VIC,219,Isaacs,58802,Dandenong ISAACS PPVC,C,21735,4,"GOH, Yuli",Family First,0
VIC,219,Isaacs,58802,Dandenong ISAACS PPVC,C,21737,5,"KHOO, Joyce",Family First,0
VIC,219,Isaacs,58802,Dandenong ISAACS PPVC,D,22131,0,D Ticket Votes,Australian Greens,81
VIC,219,Isaacs,58802,Dandenong ISAACS PPVC,D,21875,1,"DI NATALE, Richard",Australian Greens,3
VIC,219,Isaacs,58802,Dandenong ISAACS PPVC,D,21877,2,"RICE, Janet",Australian Greens,2
VIC,219,Isaacs,58802,Dandenong ISAACS PPVC,D,21878,3,"BUI, Nam",Australian Greens,0
VIC,219,Isaacs,58802,Dandenong ISAACS PPVC,D,21883,4,"HARGRAVE, Jen",Australian Greens,0
VIC,219,Isaacs,58802,Dandenong ISAACS PPVC,D,21885,5,"RIVENDELL, Julie",Australian Greens,2
VIC,219,Isaacs,58802,Dandenong ISAACS PPVC,D,21887,6,"SHNOOKAL, Liezl",Australian Greens,0
VIC,219,Isaacs,58802,Dandenong ISAACS PPVC,E,22123,0,E Ticket Votes,Senator On-Line,0
VIC,219,Isaacs,58802,Dandenong ISAACS PPVC,E,21434,1,"SARGENT, Glenn R",Senator On-Line,0
VIC,219,Isaacs,58802,Dandenong ISAACS PPVC,E,21437,2,"WARDLE, Emma Louise",Senator On-Line,0
VIC,219,Isaacs,58802,Dandenong ISAACS PPVC,F,22136,0,F Ticket Votes,Democratic Labor Party (DLP) of Australia,51
VIC,219,Isaacs,58802,Dandenong ISAACS PPVC,F,21985,1,"MADIGAN, John",Democratic Labor Party (DLP) of Australia,1
VIC,219,Isaacs,58802,Dandenong ISAACS PPVC,F,21987,2,"GONSALVEZ, Geraldine",Democratic Labor Party (DLP) of Australia,0
VIC,219,Isaacs,58802,Dandenong ISAACS PPVC,F,21989,3,"KAVANAGH, John",Democratic Labor Party (DLP) of Australia,0
VIC,219,Isaacs,58802,Dandenong ISAACS PPVC,G,22128,0,G Ticket Votes,Australian Democrats,4
VIC,219,Isaacs,58802,Dandenong ISAACS PPVC,G,21708,1,"HOWE, Roger",Australian Democrats,0
VIC,219,Isaacs,58802,Dandenong ISAACS PPVC,G,21711,2,"WESTGARTH, Rick",Australian Democrats,0
VIC,219,Isaacs,58802,Dandenong ISAACS PPVC,H,22125,0,H Ticket Votes,Shooters and Fishers,6
VIC,219,Isaacs,58802,Dandenong ISAACS PPVC,H,21443,1,"KELLY, Peter Maxwell",Shooters and Fishers,0
VIC,219,Isaacs,58802,Dandenong ISAACS PPVC,H,21445,2,"KRSTIC, Alex",Shooters and Fishers,0
VIC,219,Isaacs,58802,Dandenong ISAACS PPVC,I,22117,0,I Ticket Votes,Australian Sex Party,24
VIC,219,Isaacs,58802,Dandenong ISAACS PPVC,I,20835,1,"PATTEN, Fiona",Australian Sex Party,0
VIC,219,Isaacs,58802,Dandenong ISAACS PPVC,I,20836,2,"WILSON, Emma",Australian Sex Party,0
VIC,219,Isaacs,58802,Dandenong ISAACS PPVC,I,20837,3,"BLAKEY, Katie",Australian Sex Party,0
VIC,219,Isaacs,58802,Dandenong ISAACS PPVC,J,22130,0,J Ticket Votes,The Climate Sceptics,3
VIC,219,Isaacs,58802,Dandenong ISAACS PPVC,J,21869,1,"DAWSON, Chris",The Climate Sceptics,0
VIC,219,Isaacs,58802,Dandenong ISAACS PPVC,J,21872,2,"HOLMES, Lee",The Climate Sceptics,0
VIC,219,Isaacs,58802,Dandenong ISAACS PPVC,K,22121,0,K Ticket Votes,Socialist Alliance,1
VIC,219,Isaacs,58802,Dandenong ISAACS PPVC,K,21108,1,"WINDISCH, Margarita",Socialist Alliance,0
VIC,219,Isaacs,58802,Dandenong ISAACS PPVC,K,21114,2,"FIREBRACE, Sharon",Socialist Alliance,0
VIC,219,Isaacs,58802,Dandenong ISAACS PPVC,K,21116,3,"GUY, Ron",Socialist Alliance,0
VIC,219,Isaacs,58802,Dandenong ISAACS PPVC,L,22116,0,L Ticket Votes,Citizens Electoral Council,2
VIC,219,Isaacs,58802,Dandenong ISAACS PPVC,L,20771,1,"MITCHELL, Doug",Citizens Electoral Council,0
VIC,219,Isaacs,58802,Dandenong ISAACS PPVC,L,20775,2,"ISHERWOOD, Katherine",Citizens Electoral Council,0
VIC,219,Isaacs,58802,Dandenong ISAACS PPVC,M,22135,0,M Ticket Votes,Building Australia,2
VIC,219,Isaacs,58802,Dandenong ISAACS PPVC,M,21982,1,"EVANS, Darren",Building Australia,0
VIC,219,Isaacs,58802,Dandenong ISAACS PPVC,M,21983,2,"WHITE, Sam",Building Australia,0
VIC,219,Isaacs,58802,Dandenong ISAACS PPVC,N,22127,0,N Ticket Votes,One Nation,1
VIC,219,Isaacs,58802,Dandenong ISAACS PPVC,N,21700,1,"TOWNSEND, Rosalyn",One Nation,1
VIC,219,Isaacs,58802,Dandenong ISAACS PPVC,N,21704,2,"TOWNSEND, Phillip",One Nation,0
VIC,219,Isaacs,58802,Dandenong ISAACS PPVC,O,22118,0,O Ticket Votes,Liberal/The Nationals,212
VIC,219,Isaacs,58802,Dandenong ISAACS PPVC,O,21950,1,"RONALDSON, Michael",Liberal,1
VIC,219,Isaacs,58802,Dandenong ISAACS PPVC,O,21952,2,"McKENZIE, Bridget",The Nationals,0
VIC,219,Isaacs,58802,Dandenong ISAACS PPVC,O,21954,3,"McGAURAN, Julian",Liberal,0
VIC,219,Isaacs,58802,Dandenong ISAACS PPVC,O,21956,4,"JENNISON, Susan",Liberal,0
VIC,219,Isaacs,58802,Dandenong ISAACS PPVC,P,22132,0,P Ticket Votes,Christian Democratic Party,5
VIC,219,Isaacs,58802,Dandenong ISAACS PPVC,P,21894,1,"JANSON, Vickie",Christian Democratic Party,0
VIC,219,Isaacs,58802,Dandenong ISAACS PPVC,P,21911,2,"EDDY-VEITZ, BEN",Christian Democratic Party,0
VIC,219,Isaacs,58802,Dandenong ISAACS PPVC,Q,22124,0,Q Ticket Votes,Australian Labor Party,381
VIC,219,Isaacs,58802,Dandenong ISAACS PPVC,Q,21330,1,"CARR, Kim John",Australian Labor Party,3
VIC,219,Isaacs,58802,Dandenong ISAACS PPVC,Q,21337,2,"CONROY, Stephen Michael",Australian Labor Party,0
VIC,219,Isaacs,58802,Dandenong ISAACS PPVC,Q,21344,3,"THOW, Antony",Australian Labor Party,0
VIC,219,Isaacs,58802,Dandenong ISAACS PPVC,Q,21347,4,"LEWIS, Marg",Australian Labor Party,0
VIC,219,Isaacs,58802,Dandenong ISAACS PPVC,Q,21358,5,"FREEMAN, Shelly",Australian Labor Party,0
VIC,219,Isaacs,58802,Dandenong ISAACS PPVC,R,22120,0,R Ticket Votes,Secular Party of Australia,1
VIC,219,Isaacs,58802,Dandenong ISAACS PPVC,R,20874,1,"PERKINS, John Leslie",Secular Party of Australia,0
VIC,219,Isaacs,58802,Dandenong ISAACS PPVC,R,20877,2,"SCEATS, Rosemary Elizabeth",Secular Party of Australia,0
VIC,219,Isaacs,58802,Dandenong ISAACS PPVC,S,22134,0,S Ticket Votes,Carers Alliance,1
VIC,219,Isaacs,58802,Dandenong ISAACS PPVC,S,21941,1,"MONTEAGLE, Christopher",Carers Alliance,0
VIC,219,Isaacs,58802,Dandenong ISAACS PPVC,S,21942,2,"PEACOCK, Wendy",Carers Alliance,0
VIC,219,Isaacs,58802,Dandenong ISAACS PPVC,T,22122,0,T Ticket Votes,Liberal Democrats (LDP),22
VIC,219,Isaacs,58802,Dandenong ISAACS PPVC,T,21251,1,"CURRIE, Ross",Liberal Democrats (LDP),0
VIC,219,Isaacs,58802,Dandenong ISAACS PPVC,T,21310,2,"KLASS, Graeme Michael",Liberal Democrats (LDP),0
VIC,219,Isaacs,58802,Dandenong ISAACS PPVC,U,22133,0,U Ticket Votes,,1
VIC,219,Isaacs,58802,Dandenong ISAACS PPVC,U,21913,1,"MAYNE, Stephen",,0
VIC,219,Isaacs,58802,Dandenong ISAACS PPVC,U,21914,2,"PICCININI, Paula",,0
VIC,219,Isaacs,58802,Dandenong ISAACS PPVC,UG,20887,1,"BEALE, Grant",Independent,0
VIC,219,Isaacs,58802,Dandenong ISAACS PPVC,UG,21428,2,"SHEA, Glenn",Independent,0
VIC,219,Isaacs,58802,Dandenong ISAACS PPVC,ZZ,0,99,INFORMAL,,61
